 
       ==============================================
       |                 P T B                      |
       |                S.Grimme                    |
       |          Universitaet Bonn, MCTC           |
       ==============================================
       Version 3.7, Do 28. Apr 14:28:45 CEST 2022
 
       Cite work conducted with this code as
       S. Grimme, M. Mueller, A. Hansen, unpublished.
 
 filter  1.000000000000000E-006
 ../../../../.atompara                                                                                                                                                                                                                                           
          =========================
          reading ... ../../../../systems/eugenol_cluster.xyz
          =========================
 basis read done.
 ncao                   3648
 nsao                   3456
 npr                    9600
 basis setup done. Ndim                  3456
 coreat                    192
 cncao                     192
 cnsao                     192
 cnpr                     1152
 
 nalpha                    512
 nbeta                     512
 ntotal                   1024
 nopen                       0
cpu  time for startup and initial S    0.86 s
wall time for startup and initial S    1.00 s
               -----------------------
               |      PTB  model      |
               | SG, MM, AH 2020-2022 |
               -----------------------
 prop :                     1
 PA setup with Mull-Loew partitioning   0.333333 ...
 done.
EEQ done. sum q :    0.000
    atom   Zeff  qEEQ  mod   srCN   noHCN   CN(EEQ)
    1    8  6.0    -0.008   2.129   0.316   1.992
    2    8  6.0    -0.044   2.107   0.211   1.991
    3    6  4.0    -0.040   3.727   0.298   3.026
    4    6  4.0    -0.029   3.855   0.135   3.989
    5    6  4.0    -0.070   3.750   0.237   3.032
    6    6  4.0    -0.043   3.739   0.399   3.045
    7    6  4.0    -0.072   3.447   0.240   3.033
    8    6  4.0    -0.043   3.638   0.400   3.031
    9    6  4.0    -0.074   3.409   0.242   3.024
   10    6  4.0    -0.089   3.071   0.228   2.993
   11    6  4.0    -0.077   3.489   0.154   3.996
   12    6  4.0    -0.120   2.877   0.167   2.994
   13    1  1.0     0.055   0.942   0.003   0.993
   14    1  1.0     0.047   0.938   0.003   0.993
   15    1  1.0     0.067   0.937   0.003   0.995
   16    1  1.0     0.060   0.919   0.003   0.995
   17    1  1.0     0.058   0.916   0.003   0.995
   18    1  1.0     0.078   0.931   0.003   0.995
   19    1  1.0     0.050   0.794   0.003   0.994
   20    1  1.0     0.048   0.796   0.003   0.994
   21    1  1.0     0.042   0.802   0.003   0.994
   22    1  1.0     0.054   0.992   0.040   0.994
   23    1  1.0     0.069   0.853   0.003   0.995
   24    1  1.0     0.073   0.864   0.003   0.995
   25    8  6.0    -0.006   2.120   0.320   1.993
   26    8  6.0    -0.037   2.140   0.215   1.991
   27    6  4.0    -0.040   3.751   0.298   3.028
   28    6  4.0    -0.029   3.813   0.133   3.988
   29    6  4.0    -0.070   3.672   0.237   3.031
   30    6  4.0    -0.039   3.677   0.397   3.045
   31    6  4.0    -0.069   3.516   0.242   3.033
   32    6  4.0    -0.040   3.574   0.404   3.029
   33    6  4.0    -0.070   3.479   0.242   3.027
   34    6  4.0    -0.087   3.030   0.227   2.994
   35    6  4.0    -0.078   3.433   0.158   3.995
   36    6  4.0    -0.120   2.882   0.167   2.994
   37    1  1.0     0.040   0.915   0.003   0.993
   38    1  1.0     0.050   0.921   0.003   0.993
   39    1  1.0     0.060   0.932   0.003   0.995
   40    1  1.0     0.075   0.949   0.003   0.995
   41    1  1.0     0.065   0.921   0.003   0.995
   42    1  1.0     0.066   0.923   0.003   0.995
   43    1  1.0     0.040   0.802   0.003   0.994
   44    1  1.0     0.042   0.795   0.003   0.993
   45    1  1.0     0.041   0.791   0.003   0.993
   46    1  1.0     0.060   1.004   0.039   0.993
   47    1  1.0     0.070   0.858   0.003   0.995
   48    1  1.0     0.074   0.865   0.003   0.995
   49    8  6.0    -0.001   2.214   0.316   1.992
   50    8  6.0    -0.040   2.110   0.211   1.991
   51    6  4.0    -0.034   3.698   0.297   3.029
   52    6  4.0    -0.028   3.868   0.135   3.991
   53    6  4.0    -0.062   3.735   0.239   3.032
   54    6  4.0    -0.032   3.847   0.398   3.050
   55    6  4.0    -0.066   3.533   0.240   3.033
   56    6  4.0    -0.036   3.679   0.402   3.031
   57    6  4.0    -0.069   3.442   0.243   3.026
   58    6  4.0    -0.092   3.063   0.230   2.995
   59    6  4.0    -0.075   3.610   0.156   3.998
   60    6  4.0    -0.125   2.712   0.167   2.995
   61    1  1.0     0.043   0.928   0.003   0.993
   62    1  1.0     0.055   0.940   0.003   0.994
   63    1  1.0     0.068   0.935   0.003   0.995
   64    1  1.0     0.066   0.929   0.003   0.995
   65    1  1.0     0.060   0.916   0.003   0.995
   66    1  1.0     0.064   0.916   0.003   0.995
   67    1  1.0     0.053   0.808   0.003   0.994
   68    1  1.0     0.057   0.814   0.003   0.994
   69    1  1.0     0.057   0.799   0.003   0.993
   70    1  1.0     0.058   1.006   0.040   0.993
   71    1  1.0     0.061   0.846   0.003   0.995
   72    1  1.0     0.064   0.855   0.003   0.995
   73    8  6.0    -0.009   2.191   0.315   1.992
   74    8  6.0    -0.033   2.034   0.222   1.992
   75    6  4.0    -0.038   3.693   0.297   3.031
   76    6  4.0    -0.030   3.817   0.132   3.989
   77    6  4.0    -0.069   3.718   0.238   3.031
   78    6  4.0    -0.038   3.738   0.394   3.045
   79    6  4.0    -0.065   3.534   0.242   3.032
   80    6  4.0    -0.036   3.632   0.410   3.027
   81    6  4.0    -0.065   3.501   0.241   3.027
   82    6  4.0    -0.089   3.040   0.229   2.997
   83    6  4.0    -0.078   3.439   0.156   3.993
   84    6  4.0    -0.124   2.736   0.167   2.995
   85    1  1.0     0.041   0.911   0.003   0.993
   86    1  1.0     0.044   0.931   0.003   0.994
   87    1  1.0     0.059   0.936   0.003   0.995
   88    1  1.0     0.068   0.925   0.003   0.995
   89    1  1.0     0.069   0.919   0.003   0.995
   90    1  1.0     0.061   0.915   0.003   0.995
   91    1  1.0     0.039   0.792   0.003   0.993
   92    1  1.0     0.041   0.788   0.002   0.993
   93    1  1.0     0.039   0.802   0.003   0.994
   94    1  1.0     0.056   1.019   0.038   0.993
   95    1  1.0     0.061   0.847   0.003   0.995
   96    1  1.0     0.064   0.853   0.003   0.995
   97    8  6.0    -0.005   2.150   0.319   1.993
   98    8  6.0    -0.037   2.194   0.214   1.992
   99    6  4.0    -0.037   3.704   0.297   3.033
  100    6  4.0    -0.028   3.839   0.134   3.990
  101    6  4.0    -0.065   3.775   0.238   3.032
  102    6  4.0    -0.035   3.813   0.399   3.046
  103    6  4.0    -0.066   3.501   0.241   3.033
  104    6  4.0    -0.035   3.718   0.403   3.032
  105    6  4.0    -0.067   3.470   0.243   3.025
  106    6  4.0    -0.089   3.080   0.229   2.998
  107    6  4.0    -0.077   3.451   0.157   3.996
  108    6  4.0    -0.125   2.708   0.167   2.995
  109    1  1.0     0.048   0.925   0.003   0.994
  110    1  1.0     0.045   0.921   0.003   0.994
  111    1  1.0     0.065   0.936   0.003   0.995
  112    1  1.0     0.069   0.926   0.003   0.995
  113    1  1.0     0.065   0.918   0.003   0.995
  114    1  1.0     0.076   0.927   0.003   0.995
  115    1  1.0     0.038   0.803   0.003   0.994
  116    1  1.0     0.047   0.798   0.003   0.993
  117    1  1.0     0.039   0.791   0.003   0.993
  118    1  1.0     0.055   0.977   0.041   0.994
  119    1  1.0     0.061   0.846   0.003   0.995
  120    1  1.0     0.062   0.852   0.003   0.995
  121    8  6.0    -0.014   2.187   0.302   1.989
  122    8  6.0    -0.039   2.135   0.215   1.991
  123    6  4.0    -0.040   3.671   0.298   3.030
  124    6  4.0    -0.029   3.825   0.134   3.989
  125    6  4.0    -0.069   3.695   0.239   3.032
  126    6  4.0    -0.041   3.687   0.389   3.043
  127    6  4.0    -0.064   3.567   0.243   3.033
  128    6  4.0    -0.041   3.593   0.404   3.028
  129    6  4.0    -0.067   3.487   0.242   3.028
  130    6  4.0    -0.092   3.086   0.229   2.996
  131    6  4.0    -0.079   3.481   0.150   3.991
  132    6  4.0    -0.126   2.722   0.167   2.994
  133    1  1.0     0.045   0.915   0.003   0.993
  134    1  1.0     0.049   0.924   0.003   0.993
  135    1  1.0     0.065   0.938   0.003   0.995
  136    1  1.0     0.073   0.936   0.003   0.995
  137    1  1.0     0.073   0.926   0.003   0.995
  138    1  1.0     0.065   0.924   0.003   0.995
  139    1  1.0     0.043   0.792   0.003   0.993
  140    1  1.0     0.044   0.793   0.003   0.994
  141    1  1.0     0.039   0.800   0.003   0.994
  142    1  1.0     0.059   1.020   0.038   0.993
  143    1  1.0     0.058   0.847   0.003   0.995
  144    1  1.0     0.060   0.851   0.003   0.995
  145    8  6.0    -0.010   2.213   0.312   1.991
  146    8  6.0    -0.035   2.002   0.220   1.992
  147    6  4.0    -0.040   3.664   0.297   3.032
  148    6  4.0    -0.029   3.816   0.133   3.990
  149    6  4.0    -0.071   3.651   0.238   3.030
  150    6  4.0    -0.041   3.674   0.391   3.044
  151    6  4.0    -0.069   3.480   0.241   3.032
  152    6  4.0    -0.041   3.554   0.406   3.027
  153    6  4.0    -0.070   3.399   0.241   3.027
  154    6  4.0    -0.089   3.030   0.228   2.997
  155    6  4.0    -0.078   3.447   0.156   3.992
  156    6  4.0    -0.124   2.726   0.167   2.995
  157    1  1.0     0.044   0.920   0.003   0.993
  158    1  1.0     0.044   0.922   0.003   0.994
  159    1  1.0     0.060   0.932   0.003   0.995
  160    1  1.0     0.065   0.926   0.003   0.995
  161    1  1.0     0.064   0.918   0.003   0.995
  162    1  1.0     0.068   0.918   0.003   0.995
  163    1  1.0     0.041   0.793   0.003   0.993
  164    1  1.0     0.042   0.792   0.003   0.993
  165    1  1.0     0.043   0.802   0.003   0.994
  166    1  1.0     0.057   1.017   0.039   0.993
  167    1  1.0     0.063   0.848   0.003   0.995
  168    1  1.0     0.062   0.852   0.003   0.995
  169    8  6.0    -0.004   2.058   0.323   1.994
  170    8  6.0    -0.036   2.056   0.213   1.991
  171    6  4.0    -0.041   3.656   0.299   3.028
  172    6  4.0    -0.030   3.815   0.133   3.989
  173    6  4.0    -0.070   3.611   0.236   3.038
  174    6  4.0    -0.039   3.638   0.398   3.038
  175    6  4.0    -0.067   3.530   0.242   3.032
  176    6  4.0    -0.039   3.572   0.398   3.023
  177    6  4.0    -0.068   3.503   0.240   3.030
  178    6  4.0    -0.090   3.037   0.228   2.997
  179    6  4.0    -0.077   3.473   0.154   3.989
  180    6  4.0    -0.125   2.754   0.167   2.994
  181    1  1.0     0.048   0.924   0.003   0.994
  182    1  1.0     0.043   0.923   0.003   0.993
  183    1  1.0     0.063   0.927   0.003   0.995
  184    1  1.0     0.067   0.919   0.003   0.995
  185    1  1.0     0.072   0.941   0.003   0.995
  186    1  1.0     0.068   0.917   0.003   0.995
  187    1  1.0     0.044   0.793   0.003   0.994
  188    1  1.0     0.038   0.802   0.003   0.994
  189    1  1.0     0.048   0.800   0.003   0.994
  190    1  1.0     0.055   0.999   0.039   0.993
  191    1  1.0     0.061   0.848   0.003   0.995
  192    1  1.0     0.063   0.850   0.003   0.995
  193    8  6.0    -0.007   2.150   0.317   1.992
  194    8  6.0    -0.037   2.053   0.217   1.991
  195    6  4.0    -0.038   3.693   0.297   3.033
  196    6  4.0    -0.029   3.820   0.133   3.990
  197    6  4.0    -0.068   3.681   0.238   3.031
  198    6  4.0    -0.039   3.675   0.395   3.045
  199    6  4.0    -0.070   3.489   0.241   3.031
  200    6  4.0    -0.040   3.560   0.406   3.028
  201    6  4.0    -0.071   3.434   0.241   3.026
  202    6  4.0    -0.086   3.092   0.229   2.999
  203    6  4.0    -0.078   3.456   0.156   3.995
  204    6  4.0    -0.119   2.756   0.168   2.995
  205    1  1.0     0.044   0.923   0.003   0.994
  206    1  1.0     0.043   0.919   0.003   0.993
  207    1  1.0     0.062   0.936   0.003   0.995
  208    1  1.0     0.064   0.924   0.003   0.995
  209    1  1.0     0.068   0.918   0.003   0.995
  210    1  1.0     0.072   0.921   0.003   0.995
  211    1  1.0     0.043   0.797   0.003   0.993
  212    1  1.0     0.042   0.791   0.003   0.993
  213    1  1.0     0.039   0.803   0.003   0.994
  214    1  1.0     0.056   1.032   0.038   0.992
  215    1  1.0     0.069   0.848   0.003   0.995
  216    1  1.0     0.064   0.851   0.003   0.995
  217    8  6.0    -0.010   2.052   0.303   1.989
  218    8  6.0    -0.037   2.045   0.220   1.992
  219    6  4.0    -0.037   3.730   0.299   3.027
  220    6  4.0    -0.028   3.806   0.133   3.988
  221    6  4.0    -0.068   3.595   0.239   3.033
  222    6  4.0    -0.037   3.712   0.389   3.059
  223    6  4.0    -0.065   3.518   0.242   3.033
  224    6  4.0    -0.039   3.601   0.408   3.027
  225    6  4.0    -0.067   3.429   0.241   3.027
  226    6  4.0    -0.088   3.003   0.228   2.994
  227    6  4.0    -0.076   3.432   0.150   4.007
  228    6  4.0    -0.119   2.873   0.168   2.994
  229    1  1.0     0.042   0.919   0.003   0.993
  230    1  1.0     0.046   0.920   0.003   0.993
  231    1  1.0     0.064   0.922   0.003   0.995
  232    1  1.0     0.080   0.934   0.003   0.995
  233    1  1.0     0.067   0.917   0.003   0.995
  234    1  1.0     0.058   0.914   0.003   0.995
  235    1  1.0     0.053   0.798   0.003   0.993
  236    1  1.0     0.042   0.798   0.003   0.994
  237    1  1.0     0.044   0.789   0.002   0.993
  238    1  1.0     0.053   1.029   0.039   0.993
  239    1  1.0     0.063   0.849   0.003   0.995
  240    1  1.0     0.088   0.872   0.003   0.995
  241    8  6.0    -0.009   2.216   0.313   1.991
  242    8  6.0    -0.037   2.016   0.219   1.992
  243    6  4.0    -0.038   3.734   0.298   3.028
  244    6  4.0    -0.029   3.816   0.133   3.988
  245    6  4.0    -0.070   3.667   0.238   3.031
  246    6  4.0    -0.041   3.685   0.393   3.043
  247    6  4.0    -0.067   3.510   0.241   3.032
  248    6  4.0    -0.040   3.574   0.406   3.028
  249    6  4.0    -0.068   3.482   0.241   3.027
  250    6  4.0    -0.091   3.001   0.228   2.993
  251    6  4.0    -0.078   3.433   0.156   3.992
  252    6  4.0    -0.120   2.871   0.168   2.994
  253    1  1.0     0.045   0.923   0.003   0.993
  254    1  1.0     0.041   0.919   0.003   0.993
  255    1  1.0     0.060   0.933   0.003   0.995
  256    1  1.0     0.073   0.927   0.003   0.995
  257    1  1.0     0.073   0.936   0.003   0.995
  258    1  1.0     0.057   0.914   0.003   0.995
  259    1  1.0     0.043   0.792   0.003   0.993
  260    1  1.0     0.042   0.802   0.003   0.994
  261    1  1.0     0.040   0.791   0.003   0.993
  262    1  1.0     0.056   1.011   0.039   0.993
  263    1  1.0     0.064   0.850   0.003   0.995
  264    1  1.0     0.088   0.872   0.003   0.995
  265    8  6.0    -0.006   2.058   0.320   1.993
  266    8  6.0    -0.038   2.060   0.213   1.991
  267    6  4.0    -0.039   3.666   0.299   3.029
  268    6  4.0    -0.029   3.819   0.133   3.989
  269    6  4.0    -0.070   3.602   0.236   3.037
  270    6  4.0    -0.040   3.642   0.396   3.038
  271    6  4.0    -0.066   3.545   0.242   3.032
  272    6  4.0    -0.041   3.575   0.398   3.024
  273    6  4.0    -0.070   3.445   0.241   3.030
  274    6  4.0    -0.088   3.044   0.229   2.997
  275    6  4.0    -0.077   3.467   0.155   3.990
  276    6  4.0    -0.122   2.735   0.167   2.995
  277    1  1.0     0.043   0.918   0.003   0.994
  278    1  1.0     0.051   0.923   0.003   0.993
  279    1  1.0     0.062   0.926   0.003   0.995
  280    1  1.0     0.077   0.931   0.003   0.995
  281    1  1.0     0.066   0.937   0.003   0.995
  282    1  1.0     0.067   0.915   0.003   0.995
  283    1  1.0     0.042   0.793   0.003   0.993
  284    1  1.0     0.045   0.794   0.003   0.994
  285    1  1.0     0.038   0.802   0.003   0.994
  286    1  1.0     0.053   0.988   0.040   0.993
  287    1  1.0     0.064   0.847   0.003   0.995
  288    1  1.0     0.070   0.856   0.003   0.995
  289    8  6.0    -0.009   2.114   0.314   1.992
  290    8  6.0    -0.035   1.985   0.218   1.992
  291    6  4.0    -0.037   3.716   0.297   3.032
  292    6  4.0    -0.029   3.861   0.133   3.990
  293    6  4.0    -0.070   3.706   0.238   3.031
  294    6  4.0    -0.040   3.703   0.396   3.046
  295    6  4.0    -0.066   3.507   0.241   3.032
  296    6  4.0    -0.039   3.584   0.405   3.030
  297    6  4.0    -0.068   3.382   0.242   3.026
  298    6  4.0    -0.089   3.023   0.229   2.998
  299    6  4.0    -0.078   3.445   0.154   3.994
  300    6  4.0    -0.123   2.731   0.167   2.995
  301    1  1.0     0.055   0.921   0.003   0.993
  302    1  1.0     0.049   0.926   0.003   0.994
  303    1  1.0     0.062   0.940   0.003   0.995
  304    1  1.0     0.068   0.920   0.003   0.995
  305    1  1.0     0.064   0.916   0.003   0.995
  306    1  1.0     0.068   0.918   0.003   0.995
  307    1  1.0     0.043   0.795   0.003   0.994
  308    1  1.0     0.040   0.801   0.003   0.994
  309    1  1.0     0.041   0.792   0.003   0.993
  310    1  1.0     0.054   0.991   0.042   0.994
  311    1  1.0     0.065   0.847   0.003   0.995
  312    1  1.0     0.066   0.853   0.003   0.995
  313    8  6.0    -0.003   2.057   0.320   1.993
  314    8  6.0    -0.037   2.090   0.213   1.991
  315    6  4.0    -0.032   3.726   0.300   3.032
  316    6  4.0    -0.028   3.846   0.134   3.990
  317    6  4.0    -0.060   3.749   0.238   3.039
  318    6  4.0    -0.034   3.699   0.400   3.041
  319    6  4.0    -0.065   3.478   0.243   3.031
  320    6  4.0    -0.037   3.615   0.398   3.026
  321    6  4.0    -0.067   3.467   0.241   3.030
  322    6  4.0    -0.089   3.030   0.230   2.998
  323    6  4.0    -0.077   3.469   0.154   3.991
  324    6  4.0    -0.123   2.717   0.167   2.995
  325    1  1.0     0.044   0.919   0.003   0.993
  326    1  1.0     0.051   0.928   0.003   0.994
  327    1  1.0     0.075   0.941   0.003   0.995
  328    1  1.0     0.064   0.917   0.003   0.995
  329    1  1.0     0.065   0.918   0.003   0.995
  330    1  1.0     0.067   0.916   0.003   0.995
  331    1  1.0     0.048   0.793   0.003   0.993
  332    1  1.0     0.038   0.801   0.003   0.994
  333    1  1.0     0.045   0.796   0.003   0.994
  334    1  1.0     0.052   1.015   0.040   0.994
  335    1  1.0     0.062   0.848   0.003   0.995
  336    1  1.0     0.062   0.852   0.003   0.995
  337    8  6.0    -0.008   2.134   0.313   1.992
  338    8  6.0    -0.035   2.076   0.218   1.991
  339    6  4.0    -0.040   3.652   0.299   3.028
  340    6  4.0    -0.029   3.813   0.133   3.989
  341    6  4.0    -0.067   3.703   0.237   3.038
  342    6  4.0    -0.040   3.654   0.393   3.038
  343    6  4.0    -0.069   3.459   0.242   3.031
  344    6  4.0    -0.041   3.569   0.403   3.023
  345    6  4.0    -0.069   3.440   0.239   3.030
  346    6  4.0    -0.089   3.070   0.229   2.996
  347    6  4.0    -0.077   3.465   0.152   3.988
  348    6  4.0    -0.125   2.752   0.167   2.994
  349    1  1.0     0.049   0.924   0.003   0.993
  350    1  1.0     0.046   0.916   0.003   0.993
  351    1  1.0     0.071   0.942   0.003   0.995
  352    1  1.0     0.069   0.925   0.003   0.995
  353    1  1.0     0.072   0.932   0.003   0.995
  354    1  1.0     0.068   0.921   0.003   0.995
  355    1  1.0     0.041   0.801   0.003   0.994
  356    1  1.0     0.050   0.797   0.003   0.994
  357    1  1.0     0.046   0.793   0.003   0.994
  358    1  1.0     0.055   1.015   0.039   0.993
  359    1  1.0     0.065   0.849   0.003   0.995
  360    1  1.0     0.060   0.850   0.003   0.995
  361    8  6.0     0.003   2.172   0.320   1.993
  362    8  6.0    -0.035   1.994   0.221   1.993
  363    6  4.0    -0.040   3.704   0.296   3.032
  364    6  4.0    -0.030   3.881   0.133   3.990
  365    6  4.0    -0.070   3.710   0.237   3.029
  366    6  4.0    -0.036   3.772   0.398   3.048
  367    6  4.0    -0.069   3.458   0.241   3.032
  368    6  4.0    -0.039   3.607   0.407   3.030
  369    6  4.0    -0.070   3.365   0.242   3.025
  370    6  4.0    -0.087   3.067   0.229   2.998
  371    6  4.0    -0.075   3.551   0.157   3.997
  372    6  4.0    -0.123   2.734   0.168   2.995
  373    1  1.0     0.059   0.935   0.003   0.994
  374    1  1.0     0.053   0.937   0.003   0.994
  375    1  1.0     0.072   0.934   0.003   0.995
  376    1  1.0     0.064   0.920   0.003   0.995
  377    1  1.0     0.063   0.916   0.003   0.995
  378    1  1.0     0.067   0.920   0.003   0.995
  379    1  1.0     0.058   0.818   0.003   0.994
  380    1  1.0     0.050   0.801   0.003   0.993
  381    1  1.0     0.054   0.807   0.003   0.993
  382    1  1.0     0.057   0.998   0.041   0.994
  383    1  1.0     0.062   0.848   0.003   0.995
  384    1  1.0     0.071   0.860   0.003   0.995
 computing Vecp ...
 WARNING: RUNNING ONLY THE FIRST ITERATION!!!
 PTB H matrix iteration                      1  done. Now solving ...

Total solve2                                   1.718124151 sec
* sygvd solver                                 1.565351963 sec

nel: 1024, nel_calc:      1024.00000000
 nel in P=   1024.00000000000      required nel=                  1024
 idempotency deviation  2.157277652413241E-013  9.999999747378752E-005
 Stupid simple implementation of the submatrix method:                     3                     2
 number of submatrices=                     1
 average sm dim=                  3456
 effort for full matrix ops=   702157169.291010     
 sums of efforts for submatrices=   702157169.291010     
 ratio   1.00000000000000     
 sm                     1                  3456   1.49153614044189     
 muiter                     1 mu  0.000000000000000E+000   2975.91515311456      of                  1024
 muiter                     2 mu  -5.00000000000000       3.758955519586990E-210 of                  1024
 muiter                     3 mu  -2.50000000000000        462.351293595583      of                  1024
 muiter                     4 mu  -1.25000000000000        1224.22455026196      of                  1024
 muiter                     5 mu  -1.87500000000000        1023.28403115530      of                  1024
 muiter                     6 mu  -1.56250000000000        1024.00000000000      of                  1024
 iteration of chemical potential converged
 final iteration to get density matrix

Submatrix                                      2.024873972 sec
* alloc and filter                             0.107977867 sec
* submatrix combination                        0.000025988 sec
* submatrix stats                              0.000133991 sec
* mu iter                                      1.871906996 sec
* submatrix construction                       0.007481098 sec
* submatrix matrix function                    1.719779968 sec
* submatrix eigendecomp                        1.553719044 sec
* submatrix fe                                 0.165987015 sec
* submatrix occ                                0.000344992 sec
* submatrix Nel                                0.000045300 sec
* submatrix final iter                         0.107899904 sec
* submatrix dealloc                            0.044696093 sec
*                                              0.000000000 sec
*                                              0.000000000 sec
*                                              0.000000000 sec
*                                              0.000000000 sec
*                                              0.000000000 sec
*                                              0.000000000 sec
*                                              0.000000000 sec
*                                              0.000000000 sec

 first elements Pref   1.32369307385168       0.446878784062183       0.199175176876736       0.119033395740048       0.108268935864772        1.13380782338645       0.231774593940607       0.217686451239032      -9.611230228904168E-002   1.00020211527825     
 first elements P      1.32369307385168       0.446878784062183       0.199175176876736       0.119033395740048       0.108268935864772        1.13380782338645       0.231774593940607       0.217686451239032      -9.611230228904168E-002   1.00020211527825     
 Sparsity of Pref:
   dimension                                    3456
   nonzero elements                          5968094
   sparsity                     0.499675651309585     
   average elements per column                  1726
 Sparsity of P:
   dimension                                    3456
   nonzero elements                          5968094
   sparsity                     0.499675651309585     
   average elements per column                  1726
 maximal deviation in density matrix  3.388131789017201E-021               4291740  2.946916624765052E-005  2.946916624765051E-005
 MSE of density matrix  7.873349806149567E-046
 Inf-norm of density matrix  3.388131789017201E-021
 Tr(H Pref)=  -2734.37871144331     
 Tr(H P)=  -2734.37871144331     
 energy deviation abs(Tr(H P)-Tr(H Pref))=  0.000000000000000E+000
 energy deviation per atom abs(Tr(H P)-Tr(H Pref))/n=  0.000000000000000E+000
nel: 1024, nel_calc:      1024.00000000
 nel in P=   1024.00000000000      required nel=                  1024
 idempotency deviation  2.157277652413241E-013  9.999999747378752E-005
 D4 dispersion energy      :     -0.100816

     ------  PTB results ------
  # element  Z   pop.                shell populations
    1     O   6.0 -0.09716776       1.11088049  0.37065303  3.45000535  1.00356805  0.16206083
    2     O   6.0 -0.09058228       1.11034107  0.38047159  3.45936251  1.03455153  0.10585558
    3     C   4.0 -0.07667765       0.63366622  0.25460038  2.05447787  0.72420056  0.40973262
    4     C   4.0 -0.12227873       0.61944169  0.27399397  2.08360428  0.78581060  0.35942819
    5     C   4.0 -0.07369169       0.64287406  0.27147236  2.08806264  0.75220455  0.31907807
    6     C   4.0  0.00754900       0.62838519  0.24551514  1.93723518  0.68545119  0.49586431
    7     C   4.0 -0.08671676       0.64333856  0.27258971  2.07837379  0.75803696  0.33437774
    8     C   4.0  0.01696962       0.62852556  0.24687515  1.93258417  0.68587731  0.48916820
    9     C   4.0 -0.07090719       0.64125472  0.27370128  2.08297920  0.75678478  0.31618720
   10     C   4.0 -0.08025285       0.65248489  0.27864856  2.05970210  0.76201649  0.32740081
   11     C   4.0 -0.10741809       0.63921314  0.28862679  2.03768378  0.79036768  0.35152670
   12     C   4.0 -0.12452329       0.66367543  0.29531282  2.11677259  0.81539255  0.23336990
   13     H   1.0  0.08024859       0.65678406  0.13886654  0.12410081
   14     H   1.0  0.07988150       0.65626836  0.14044082  0.12340932
   15     H   1.0  0.07439477       0.64512634  0.14918497  0.13129392
   16     H   1.0  0.07917671       0.64288932  0.14837903  0.12955494
   17     H   1.0  0.07587415       0.64381927  0.14924341  0.13106316
   18     H   1.0  0.06916878       0.65090311  0.14850642  0.13142170
   19     H   1.0  0.06872964       0.67133194  0.14243507  0.11750335
   20     H   1.0  0.06681448       0.67144841  0.14423265  0.11750446
   21     H   1.0  0.07979277       0.66247004  0.14135416  0.11638303
   22     H   1.0  0.14741155       0.51652193  0.11251660  0.22354992
   23     H   1.0  0.06072716       0.65016508  0.14788814  0.14121962
   24     H   1.0  0.05793318       0.65359145  0.15093115  0.13754421
   25     O   6.0 -0.11248302       1.11043751  0.37414351  3.45891351  1.00427434  0.16471415
   26     O   6.0 -0.08132761       1.11030638  0.38130814  3.44776493  1.03388008  0.10806807
   27     C   4.0 -0.08731930       0.63193786  0.25550419  2.06486338  0.72309749  0.41191638
   28     C   4.0 -0.13981463       0.62405676  0.27878594  2.08949429  0.78782400  0.35965364
   29     C   4.0 -0.08622785       0.64639187  0.27293003  2.09117287  0.75422738  0.32150570
   30     C   4.0  0.00466311       0.63290375  0.24475169  1.93465602  0.68812665  0.49489877
   31     C   4.0 -0.08335979       0.64199591  0.27162907  2.08228558  0.75204901  0.33540022
   32     C   4.0  0.02299540       0.62954259  0.24568798  1.92809188  0.68126580  0.49241634
   33     C   4.0 -0.05977722       0.63961732  0.27341172  2.08173138  0.74903959  0.31597720
   34     C   4.0 -0.09338355       0.65975535  0.28074095  2.05918241  0.76559310  0.32811175
   35     C   4.0 -0.13191295       0.64718753  0.29992601  2.04654682  0.78151777  0.35673482
   36     C   4.0 -0.12761549       0.66767931  0.29723364  2.11329776  0.81470013  0.23470466
   37     H   1.0  0.09123241       0.65548682  0.13418871  0.11909206
   38     H   1.0  0.09128781       0.65370744  0.13693063  0.11807411
   39     H   1.0  0.07968923       0.64448553  0.14300765  0.13281759
   40     H   1.0  0.07496757       0.64438140  0.14452125  0.13612977
   41     H   1.0  0.07693660       0.64279908  0.15033607  0.12992824
   42     H   1.0  0.07465246       0.65122610  0.14178568  0.13233575
   43     H   1.0  0.09275526       0.66215587  0.12883157  0.11625731
   44     H   1.0  0.07533314       0.67328238  0.13315858  0.11822590
   45     H   1.0  0.08028002       0.67136490  0.13046473  0.11789035
   46     H   1.0  0.13612612       0.51323313  0.10620170  0.24443906
   47     H   1.0  0.06626260       0.65103292  0.14191674  0.14078774
   48     H   1.0  0.06397850       0.65156788  0.14691730  0.13753632
   49     O   6.0 -0.09529380       1.11005569  0.36829418  3.45845819  0.99714306  0.16134269
   50     O   6.0 -0.09391754       1.10990107  0.38465312  3.45446944  1.03865761  0.10623630
   51     C   4.0 -0.07151911       0.63366830  0.25390184  2.04720044  0.72491759  0.41183093
   52     C   4.0 -0.12279832       0.61898601  0.27426606  2.08846581  0.78286521  0.35821523
   53     C   4.0 -0.06136259       0.64172983  0.27117556  2.08086520  0.75017281  0.31741918
   54     C   4.0  0.01240128       0.62800968  0.24519695  1.93416077  0.68433340  0.49589793
   55     C   4.0 -0.10582110       0.64559436  0.27442977  2.09226763  0.75569017  0.33783917
   56     C   4.0  0.00984929       0.62856460  0.24642308  1.93910140  0.68474463  0.49131701
   57     C   4.0 -0.08322207       0.64215618  0.27574864  2.09318525  0.75111437  0.32101763
   58     C   4.0 -0.09102851       0.65700257  0.28132066  2.06143165  0.76321597  0.32805766
   59     C   4.0 -0.10386313       0.63640767  0.28826901  2.03715634  0.78918609  0.35284401
   60     C   4.0 -0.15074256       0.67682707  0.30168787  2.11657763  0.82136965  0.23428035
   61     H   1.0  0.09018093       0.65408415  0.13877603  0.11695889
   62     H   1.0  0.07770323       0.66184467  0.13948672  0.12096538
   63     H   1.0  0.07924622       0.64237237  0.14796717  0.13041424
   64     H   1.0  0.07905564       0.64315808  0.14463627  0.13315001
   65     H   1.0  0.08038756       0.64106059  0.14559281  0.13295904
   66     H   1.0  0.07529645       0.65080398  0.14654149  0.12735808
   67     H   1.0  0.06743915       0.67077643  0.14453648  0.11724794
   68     H   1.0  0.07998934       0.65981799  0.14253767  0.11765500
   69     H   1.0  0.06669264       0.67033821  0.14544621  0.11752293
   70     H   1.0  0.13724952       0.51549011  0.11335573  0.23390464
   71     H   1.0  0.07513326       0.65117061  0.13251953  0.14117660
   72     H   1.0  0.06955785       0.65392101  0.13838862  0.13813253
   73     O   6.0 -0.09233023       1.11477435  0.37088156  3.44447613  0.99927825  0.16291995
   74     O   6.0 -0.09051958       1.09850812  0.38332689  3.45477700  1.04487631  0.10903126
   75     C   4.0 -0.08714161       0.63490993  0.25480622  2.05450732  0.72900106  0.41391709
   76     C   4.0 -0.13792817       0.62400299  0.28000504  2.09103340  0.78485088  0.35803586
   77     C   4.0 -0.09092000       0.64491230  0.27261293  2.09793210  0.75313181  0.32233086
   78     C   4.0  0.01643127       0.62880188  0.24686512  1.93283308  0.68571880  0.48934984
   79     C   4.0 -0.09158775       0.64189106  0.27280477  2.08557636  0.75239347  0.33892210
   80     C   4.0  0.01190910       0.62619722  0.24593753  1.92984825  0.68392509  0.50218280
   81     C   4.0 -0.06814400       0.64173305  0.27342263  2.08413815  0.75195768  0.31689248
   82     C   4.0 -0.09845218       0.65987027  0.28222555  2.06333977  0.76488064  0.32813595
   83     C   4.0 -0.12754443       0.64677984  0.30007976  2.04496175  0.78279315  0.35292993
   84     C   4.0 -0.14727836       0.67375529  0.30215588  2.12073511  0.81538934  0.23524274
   85     H   1.0  0.09481332       0.65377438  0.13186303  0.11954927
   86     H   1.0  0.08700754       0.66134220  0.13732287  0.11432739
   87     H   1.0  0.08017807       0.64479256  0.14229034  0.13273904
   88     H   1.0  0.07472419       0.64563632  0.14793503  0.13170446
   89     H   1.0  0.07857724       0.64193732  0.14845084  0.13103461
   90     H   1.0  0.07664521       0.65074253  0.14374769  0.12886457
   91     H   1.0  0.07752902       0.67279738  0.13197654  0.11769706
   92     H   1.0  0.07999992       0.67000538  0.13232878  0.11766592
   93     H   1.0  0.09284519       0.66205829  0.12902907  0.11606745
   94     H   1.0  0.12040394       0.51418048  0.11116681  0.25424876
   95     H   1.0  0.07338711       0.65096205  0.13436055  0.14129028
   96     H   1.0  0.07035703       0.65307736  0.13834886  0.13821674
   97     O   6.0 -0.10749736       1.11136973  0.37158784  3.45644891  1.00374687  0.16434401
   98     O   6.0 -0.08424864       1.10909569  0.37721324  3.45793557  1.03302890  0.10697524
   99     C   4.0 -0.07403014       0.63244516  0.25408104  2.05115587  0.72585391  0.41049417
  100     C   4.0 -0.12409364       0.62175262  0.27622721  2.08679640  0.78257786  0.35673955
  101     C   4.0 -0.08374984       0.64309812  0.27200365  2.09448582  0.75172959  0.32243266
  102     C   4.0  0.00390944       0.62812388  0.24519633  1.94192094  0.68451978  0.49632964
  103     C   4.0 -0.07883354       0.64243191  0.27204496  2.07295042  0.75693087  0.33447538
  104     C   4.0  0.01822504       0.62674934  0.24592562  1.93039042  0.68473542  0.49397416
  105     C   4.0 -0.05991627       0.63987350  0.27302575  2.07808757  0.75446910  0.31446034
  106     C   4.0 -0.08749446       0.65749133  0.28057829  2.05686378  0.76312687  0.32943419
  107     C   4.0 -0.12938020       0.64666075  0.29886410  2.04490310  0.78230707  0.35664519
  108     C   4.0 -0.15539129       0.67631179  0.30166113  2.11932999  0.82306376  0.23502462
  109     H   1.0  0.08839856       0.65486687  0.13814747  0.11858709
  110     H   1.0  0.08188751       0.66260529  0.13915223  0.11635497
  111     H   1.0  0.07524997       0.64465809  0.14722072  0.13287123
  112     H   1.0  0.07854800       0.64403832  0.14861089  0.12880279
  113     H   1.0  0.07774843       0.64188373  0.15014084  0.13022700
  114     H   1.0  0.07208774       0.65161860  0.14743999  0.12885367
  115     H   1.0  0.09104464       0.66253734  0.13005774  0.11636028
  116     H   1.0  0.07441758       0.67235970  0.13494785  0.11827486
  117     H   1.0  0.07781744       0.67160344  0.13302070  0.11755842
  118     H   1.0  0.15019284       0.51407462  0.11342964  0.22230290
  119     H   1.0  0.07298841       0.65105945  0.13450870  0.14144344
  120     H   1.0  0.06929699       0.65401107  0.13826911  0.13842283
  121     O   6.0 -0.08925407       1.11744523  0.37073565  3.44704020  0.99753183  0.15650116
  122     O   6.0 -0.07826144       1.10492659  0.37682325  3.45641947  1.03175142  0.10834072
  123     C   4.0 -0.07959117       0.63501722  0.25422919  2.05317694  0.72600237  0.41116546
  124     C   4.0 -0.13539686       0.62467843  0.27905339  2.09138709  0.78323197  0.35704597
  125     C   4.0 -0.08133899       0.64459801  0.27203447  2.08847296  0.75385104  0.32238251
  126     C   4.0  0.01524469       0.63116097  0.24675147  1.92942685  0.69147970  0.48593631
  127     C   4.0 -0.09311188       0.64424968  0.27161518  2.08335644  0.75644420  0.33744638
  128     C   4.0  0.01928440       0.62647748  0.24668112  1.92962474  0.68348522  0.49444704
  129     C   4.0 -0.05833781       0.64089167  0.27304587  2.07660359  0.75155348  0.31624320
  130     C   4.0 -0.08755762       0.65421808  0.27994347  2.06128222  0.76464683  0.32746703
  131     C   4.0 -0.11832135       0.64436632  0.29968631  2.04125708  0.78536496  0.34764667
  132     C   4.0 -0.14458513       0.67238921  0.30075961  2.11804581  0.81890354  0.23448696
  133     H   1.0  0.08782438       0.65828121  0.13561253  0.11828188
  134     H   1.0  0.09224738       0.65396631  0.13547371  0.11831260
  135     H   1.0  0.07973887       0.64431655  0.14395192  0.13199265
  136     H   1.0  0.07518100       0.64620793  0.14737950  0.13123157
  137     H   1.0  0.07753977       0.64191157  0.14961898  0.13092968
  138     H   1.0  0.07301182       0.65121984  0.15006852  0.12569981
  139     H   1.0  0.07879892       0.66981775  0.13398805  0.11739528
  140     H   1.0  0.07038721       0.67567205  0.13504422  0.11889651
  141     H   1.0  0.08911673       0.66263264  0.13213870  0.11611192
  142     H   1.0  0.11172038       0.51148909  0.11399617  0.26279435
  143     H   1.0  0.07278492       0.64853776  0.13810122  0.14057611
  144     H   1.0  0.06756846       0.65459949  0.13955800  0.13827405
  145     O   6.0 -0.09982718       1.11623049  0.37056538  3.45160508  1.00011694  0.16130928
  146     O   6.0 -0.10213003       1.10205567  0.38778192  3.45209175  1.05167514  0.10852555
  147     C   4.0 -0.08827123       0.63650972  0.25520989  2.05482638  0.72890691  0.41281833
  148     C   4.0 -0.14231268       0.62602317  0.28136998  2.09534651  0.78081569  0.35875732
  149     C   4.0 -0.08384871       0.64650649  0.27316210  2.08825237  0.75421633  0.32171143
  150     C   4.0  0.01519370       0.63411742  0.24572504  1.93003851  0.68677542  0.48814991
  151     C   4.0 -0.10048179       0.64598310  0.27390751  2.08840799  0.75557017  0.33661301
  152     C   4.0  0.01247187       0.63146847  0.24527781  1.93119395  0.68233603  0.49725186
  153     C   4.0 -0.07325491       0.64627886  0.27520093  2.08087730  0.75429372  0.31660409
  154     C   4.0 -0.09591864       0.66068119  0.28095505  2.05733782  0.76872867  0.32821591
  155     C   4.0 -0.12223607       0.64544564  0.29748195  2.04224622  0.78371991  0.35334233
  156     C   4.0 -0.14401391       0.67294663  0.30182129  2.11568922  0.81869066  0.23486611
  157     H   1.0  0.09633032       0.65450335  0.12916104  0.12000529
  158     H   1.0  0.08886723       0.66102910  0.13495226  0.11515141
  159     H   1.0  0.08278458       0.64409047  0.14148811  0.13163684
  160     H   1.0  0.07772433       0.64620113  0.14170256  0.13437198
  161     H   1.0  0.08321420       0.64218229  0.14284135  0.13176215
  162     H   1.0  0.07653563       0.65112525  0.14483386  0.12750526
  163     H   1.0  0.08000407       0.67105824  0.13114884  0.11778884
  164     H   1.0  0.07364208       0.67238677  0.13655122  0.11741994
  165     H   1.0  0.09002645       0.66082048  0.13358642  0.11556664
  166     H   1.0  0.12681204       0.51836848  0.10527443  0.24954505
  167     H   1.0  0.07240328       0.65087819  0.13581699  0.14090154
  168     H   1.0  0.07011839       0.65365458  0.13849053  0.13773650
  169     O   6.0 -0.12412464       1.11058331  0.37690258  3.45814550  1.01137862  0.16711464
  170     O   6.0 -0.12273469       1.10480058  0.38721931  3.47858000  1.04441747  0.10771733
  171     C   4.0 -0.08241543       0.63419771  0.25522551  2.05160809  0.72779980  0.41358432
  172     C   4.0 -0.13446718       0.62509668  0.28029114  2.08917660  0.78187969  0.35802307
  173     C   4.0 -0.08412820       0.65033907  0.27340564  2.08730012  0.75336242  0.31972096
  174     C   4.0  0.00519768       0.63283443  0.24615662  1.93216467  0.68683773  0.49680887
  175     C   4.0 -0.08393878       0.64236188  0.27218002  2.08401930  0.75209528  0.33328229
  176     C   4.0  0.00512465       0.63196969  0.24803324  1.92938507  0.69109894  0.49438841
  177     C   4.0 -0.06737386       0.64136571  0.27163374  2.08074260  0.75282797  0.32080384
  178     C   4.0 -0.09479724       0.65937495  0.28164965  2.06262761  0.76420954  0.32693548
  179     C   4.0 -0.12981873       0.65047908  0.30090004  2.04421788  0.77842720  0.35579452
  180     C   4.0 -0.12905104       0.67088193  0.29841745  2.10434645  0.82129292  0.23411229
  181     H   1.0  0.08600879       0.66150916  0.13557772  0.11690433
  182     H   1.0  0.09311308       0.65667582  0.13178682  0.11842428
  183     H   1.0  0.08301635       0.64383566  0.14163944  0.13150854
  184     H   1.0  0.08162253       0.64011824  0.14910795  0.12915128
  185     H   1.0  0.07178371       0.64473301  0.14659317  0.13689011
  186     H   1.0  0.07655484       0.64906287  0.14573556  0.12864673
  187     H   1.0  0.07986536       0.66996706  0.13057044  0.11959714
  188     H   1.0  0.09373498       0.66303080  0.12673916  0.11649506
  189     H   1.0  0.07333757       0.67350042  0.13316278  0.11999923
  190     H   1.0  0.12763362       0.51542085  0.10500008  0.25194545
  191     H   1.0  0.07040236       0.65111709  0.14078496  0.13769559
  192     H   1.0  0.06726220       0.65168881  0.14509696  0.13595203
  193     O   6.0 -0.10361412       1.11363089  0.37275970  3.44996345  1.00402462  0.16323545
  194     O   6.0 -0.10456572       1.10265946  0.38582140  3.46362722  1.04395324  0.10850440
  195     C   4.0 -0.08443300       0.63597733  0.25514901  2.05246192  0.72753829  0.41330645
  196     C   4.0 -0.14006998       0.62568390  0.28079063  2.09353304  0.78140777  0.35865464
  197     C   4.0 -0.08668724       0.64667070  0.27299708  2.09232372  0.75369865  0.32099709
  198     C   4.0  0.01602168       0.63157988  0.24563240  1.92903399  0.68623307  0.49149898
  199     C   4.0 -0.09472717       0.64394325  0.27255747  2.08659840  0.75568908  0.33593898
  200     C   4.0  0.01161972       0.63002366  0.24542131  1.93026030  0.68486609  0.49780893
  201     C   4.0 -0.07514828       0.64344972  0.27277082  2.08399433  0.75626186  0.31867155
  202     C   4.0 -0.08691615       0.65637630  0.27968690  2.05652815  0.76514746  0.32917734
  203     C   4.0 -0.12448881       0.64704537  0.29841381  2.04443663  0.78049740  0.35409559
  204     C   4.0 -0.14285817       0.67311311  0.29980609  2.11514610  0.81989804  0.23489484
  205     H   1.0  0.08721376       0.66160363  0.13580580  0.11537681
  206     H   1.0  0.09429980       0.65482807  0.13163744  0.11923468
  207     H   1.0  0.08124672       0.64444214  0.14154910  0.13276204
  208     H   1.0  0.07482531       0.64590800  0.14702469  0.13224200
  209     H   1.0  0.07827946       0.64258617  0.14975055  0.12938382
  210     H   1.0  0.07152821       0.65193433  0.14903341  0.12750405
  211     H   1.0  0.07340606       0.67250252  0.13603944  0.11805198
  212     H   1.0  0.08046187       0.67174780  0.12990709  0.11788324
  213     H   1.0  0.08929655       0.66357577  0.13086283  0.11626485
  214     H   1.0  0.12060251       0.51354539  0.10565243  0.26019967
  215     H   1.0  0.06984261       0.65050471  0.13935748  0.14029520
  216     H   1.0  0.06785365       0.65459162  0.13908556  0.13846917
  217     O   6.0 -0.14538232       1.11601269  0.38055283  3.48066449  1.00900745  0.15914485
  218     O   6.0 -0.08483287       1.09950030  0.38219023  3.45259428  1.04359746  0.10695061
  219     C   4.0 -0.09119561       0.63464421  0.25629577  2.06926513  0.72380263  0.40718787
  220     C   4.0 -0.14674035       0.62606049  0.28092080  2.09445959  0.78335270  0.36194677
  221     C   4.0 -0.07606721       0.65224236  0.27388465  2.07155728  0.75110273  0.32728018
  222     C   4.0 -0.00247005       0.63288504  0.24860770  1.94811946  0.68991174  0.48294611
  223     C   4.0 -0.07812105       0.64560407  0.27246550  2.06959826  0.75217323  0.33827999
  224     C   4.0  0.01469541       0.62972814  0.24632971  1.92226124  0.68353552  0.50344999
  225     C   4.0 -0.06823150       0.64561021  0.27229214  2.07966769  0.75792117  0.31274029
  226     C   4.0 -0.10209925       0.66092968  0.28200623  2.06606847  0.76426525  0.32882961
  227     C   4.0 -0.12944612       0.65024084  0.29920834  2.03797084  0.78520915  0.35681695
  228     C   4.0 -0.14021504       0.67054534  0.29864979  2.11595714  0.82080913  0.23425364
  229     H   1.0  0.09441784       0.65650535  0.13023131  0.11884551
  230     H   1.0  0.09650009       0.65299374  0.13141739  0.11908877
  231     H   1.0  0.08657816       0.64212215  0.14184694  0.12945275
  232     H   1.0  0.07956503       0.64625138  0.14375781  0.13042579
  233     H   1.0  0.07794028       0.64278001  0.14908850  0.13019121
  234     H   1.0  0.07968258       0.64896750  0.14035213  0.13099778
  235     H   1.0  0.06824432       0.67288053  0.13997094  0.11890421
  236     H   1.0  0.08776920       0.66288429  0.13152274  0.11782376
  237     H   1.0  0.07614349       0.67203087  0.13335247  0.11847317
  238     H   1.0  0.12237507       0.51599556  0.11158327  0.25004610
  239     H   1.0  0.07300911       0.64821589  0.13868606  0.14008894
  240     H   1.0  0.06473652       0.65035987  0.14561081  0.13929281
  241     O   6.0 -0.10358124       1.11571658  0.37042391  3.45434105  1.00074160  0.16235809
  242     O   6.0 -0.09062488       1.10173023  0.38406515  3.45405662  1.04264590  0.10812698
  243     C   4.0 -0.09134198       0.63448584  0.25571442  2.06450438  0.72502844  0.41160889
  244     C   4.0 -0.14102793       0.62527865  0.27956969  2.09009731  0.78522061  0.36086167
  245     C   4.0 -0.08901969       0.64682639  0.27318597  2.09080350  0.75456221  0.32364161
  246     C   4.0  0.01066473       0.63264191  0.24574065  1.93424445  0.68761805  0.48909020
  247     C   4.0 -0.08562262       0.64295912  0.27297837  2.08216232  0.75191571  0.33560710
  248     C   4.0  0.01382916       0.62956101  0.24620943  1.92971605  0.68339159  0.49729276
  249     C   4.0 -0.05905394       0.64039987  0.27392635  2.08003712  0.75001854  0.31467206
  250     C   4.0 -0.09850544       0.66037685  0.28185645  2.06426227  0.76451570  0.32749418
  251     C   4.0 -0.12701259       0.64673901  0.29960608  2.04374415  0.78277855  0.35414480
  252     C   4.0 -0.13459954       0.66965830  0.29802814  2.11421406  0.81856379  0.23413525
  253     H   1.0  0.09223855       0.65602994  0.13298975  0.11874176
  254     H   1.0  0.09413525       0.65675217  0.13100630  0.11810628
  255     H   1.0  0.08081585       0.64509904  0.14170547  0.13237964
  256     H   1.0  0.07882323       0.64349109  0.14604495  0.13164072
  257     H   1.0  0.07487880       0.64159679  0.14831062  0.13521379
  258     H   1.0  0.07915208       0.64813733  0.14160080  0.13110979
  259     H   1.0  0.07653386       0.67270011  0.13334954  0.11741650
  260     H   1.0  0.09259454       0.66196936  0.12950264  0.11593346
  261     H   1.0  0.08024391       0.67090917  0.13080899  0.11803793
  262     H   1.0  0.12344670       0.51841736  0.10801124  0.25012471
  263     H   1.0  0.07179891       0.64900118  0.13935034  0.13984957
  264     H   1.0  0.06222663       0.65202105  0.14693636  0.13881596
  265     O   6.0 -0.11967037       1.10929143  0.37618884  3.45810473  1.01043954  0.16564581
  266     O   6.0 -0.11906582       1.10664058  0.38840204  3.46870887  1.04887456  0.10643977
  267     C   4.0 -0.08257087       0.63483906  0.25501123  2.05149019  0.72689937  0.41433103
  268     C   4.0 -0.13485667       0.62374091  0.27929106  2.09086239  0.78388238  0.35707992
  269     C   4.0 -0.07996255       0.64889753  0.27348983  2.08574778  0.75296184  0.31886557
  270     C   4.0  0.00835049       0.63250017  0.24682954  1.93081689  0.68812658  0.49337633
  271     C   4.0 -0.09932158       0.64631516  0.27315441  2.08898097  0.75495763  0.33591341
  272     C   4.0  0.00822094       0.63284945  0.24779224  1.92950988  0.68914494  0.49248254
  273     C   4.0 -0.07618266       0.64529449  0.27312768  2.08232236  0.75435261  0.32108552
  274     C   4.0 -0.10148466       0.66027558  0.28316876  2.06764942  0.76183352  0.32855738
  275     C   4.0 -0.13313663       0.64972985  0.29963458  2.04438090  0.78278235  0.35660896
  276     C   4.0 -0.13979157       0.67548096  0.30132741  2.11117721  0.81766370  0.23414229
  277     H   1.0  0.09262152       0.65554929  0.13356048  0.11826872
  278     H   1.0  0.08743998       0.65819430  0.13846639  0.11589932
  279     H   1.0  0.08321597       0.64259654  0.14300466  0.13118283
  280     H   1.0  0.08113308       0.64264232  0.14468628  0.13153832
  281     H   1.0  0.07704516       0.64296359  0.14140272  0.13858853
  282     H   1.0  0.07879478       0.64986962  0.14133480  0.13000080
  283     H   1.0  0.07643672       0.66888201  0.13602915  0.11865212
  284     H   1.0  0.07875834       0.66990972  0.13168892  0.11964302
  285     H   1.0  0.09438249       0.66253901  0.12696743  0.11611108
  286     H   1.0  0.14658107       0.51718646  0.10457260  0.23165987
  287     H   1.0  0.07650567       0.65065968  0.13203532  0.14079933
  288     H   1.0  0.06895272       0.65540630  0.13841633  0.13722465
  289     O   6.0 -0.11463132       1.11394596  0.37456122  3.45780349  1.00622821  0.16209244
  290     O   6.0 -0.12673469       1.10635340  0.39581919  3.46686655  1.04989487  0.10780068
  291     C   4.0 -0.07386623       0.63360059  0.25457221  2.04978150  0.72520016  0.41071176
  292     C   4.0 -0.12747818       0.61984068  0.27647468  2.08814043  0.78749937  0.35552302
  293     C   4.0 -0.06549320       0.64197606  0.27164993  2.08504021  0.74815230  0.31867470
  294     C   4.0  0.00861716       0.63284415  0.24480334  1.93695116  0.68357499  0.49320920
  295     C   4.0 -0.09920483       0.64573008  0.27493510  2.08568186  0.75599062  0.33686718
  296     C   4.0 -0.00053121       0.63410634  0.24564479  1.93886971  0.68489493  0.49701543
  297     C   4.0 -0.08833506       0.64813542  0.27551773  2.08818638  0.75682105  0.31967447
  298     C   4.0 -0.09881597       0.66091990  0.28178132  2.06202614  0.76447991  0.32960870
  299     C   4.0 -0.11180698       0.64212018  0.29163930  2.03887171  0.78868033  0.35049547
  300     C   4.0 -0.13490512       0.67187011  0.29961085  2.11155957  0.81757116  0.23429342
  301     H   1.0  0.08971847       0.65287650  0.13951273  0.11789230
  302     H   1.0  0.08070926       0.65956181  0.14463691  0.11509201
  303     H   1.0  0.07275807       0.64528036  0.14740622  0.13455535
  304     H   1.0  0.08376590       0.64220685  0.14309396  0.13093329
  305     H   1.0  0.08414457       0.64123732  0.14165646  0.13296165
  306     H   1.0  0.07641068       0.64981788  0.14440136  0.12937007
  307     H   1.0  0.06943167       0.67384690  0.13807671  0.11864472
  308     H   1.0  0.08885548       0.65969288  0.13541184  0.11603980
  309     H   1.0  0.07755440       0.66570991  0.14002818  0.11670750
  310     H   1.0  0.16519257       0.51520020  0.09773074  0.22187649
  311     H   1.0  0.07397908       0.64908278  0.13584912  0.14108903
  312     H   1.0  0.06324944       0.65603751  0.14458419  0.13612886
  313     O   6.0 -0.12058642       1.11003566  0.37644401  3.45809543  1.01026914  0.16574218
  314     O   6.0 -0.10897671       1.10538423  0.38680011  3.46756756  1.04279581  0.10642900
  315     C   4.0 -0.08200757       0.63362592  0.25462624  2.05354387  0.72549047  0.41472107
  316     C   4.0 -0.13480397       0.62248075  0.27859026  2.09255433  0.78432296  0.35685566
  317     C   4.0 -0.07305694       0.64707941  0.27202138  2.08791494  0.74530199  0.32073921
  318     C   4.0  0.00753793       0.63078541  0.24639393  1.93352973  0.68485010  0.49690289
  319     C   4.0 -0.09465398       0.64591199  0.27396348  2.08171976  0.75594792  0.33711083
  320     C   4.0  0.01303213       0.63207340  0.24776819  1.92725265  0.68667974  0.49319389
  321     C   4.0 -0.07781874       0.64591241  0.27306223  2.08316529  0.75602436  0.31965445
  322     C   4.0 -0.09902323       0.66177595  0.28287914  2.06186640  0.76253928  0.32996245
  323     C   4.0 -0.12179856       0.64726406  0.29606459  2.04062241  0.78366479  0.35418270
  324     C   4.0 -0.15663871       0.67797393  0.30236098  2.11963999  0.82119897  0.23546484
  325     H   1.0  0.09455416       0.65306914  0.13489553  0.11748117
  326     H   1.0  0.08177501       0.66086340  0.14086445  0.11649714
  327     H   1.0  0.07611051       0.64488220  0.14507101  0.13393627
  328     H   1.0  0.08316952       0.64292425  0.14346319  0.13044303
  329     H   1.0  0.08269398       0.64401859  0.14426327  0.12902417
  330     H   1.0  0.08154840       0.64891875  0.14067407  0.12885879
  331     H   1.0  0.07199847       0.66998887  0.14102471  0.11698795
  332     H   1.0  0.09129459       0.66155714  0.13069652  0.11645176
  333     H   1.0  0.07474828       0.66896540  0.13465059  0.12163573
  334     H   1.0  0.13095961       0.51902187  0.10716450  0.24285402
  335     H   1.0  0.07671255       0.65185791  0.12970713  0.14172241
  336     H   1.0  0.07074034       0.65506595  0.13621657  0.13797714
  337     O   6.0 -0.10632993       1.11389804  0.37331817  3.45416236  1.00270373  0.16224764
  338     O   6.0 -0.11093497       1.10386646  0.38480514  3.47050118  1.04271895  0.10904324
  339     C   4.0 -0.08214535       0.63539350  0.25539637  2.05260396  0.72671722  0.41203430
  340     C   4.0 -0.13409317       0.62503451  0.27958182  2.08965772  0.78269635  0.35712277
  341     C   4.0 -0.07345564       0.64742291  0.27192909  2.08497757  0.74940367  0.31972240
  342     C   4.0  0.01487119       0.63231653  0.24716604  1.92857581  0.68816395  0.48890648
  343     C   4.0 -0.09676335       0.64666021  0.27387622  2.08229476  0.75692725  0.33700491
  344     C   4.0  0.00661949       0.63123286  0.24724856  1.92777085  0.68842529  0.49870295
  345     C   4.0 -0.07746851       0.64684808  0.27325326  2.08235031  0.75584424  0.31917262
  346     C   4.0 -0.08356421       0.65485650  0.27960229  2.05812728  0.76370350  0.32727464
  347     C   4.0 -0.12546934       0.64894372  0.30095223  2.04010284  0.78250118  0.35296938
  348     C   4.0 -0.13637622       0.66984040  0.30031431  2.11729962  0.81474513  0.23417677
  349     H   1.0  0.09286760       0.65347254  0.13637380  0.11728605
  350     H   1.0  0.08794710       0.65938956  0.13497850  0.11768484
  351     H   1.0  0.07630939       0.64540565  0.14382383  0.13446112
  352     H   1.0  0.08218151       0.64366812  0.14322795  0.13092242
  353     H   1.0  0.08044591       0.64383650  0.14239450  0.13332309
  354     H   1.0  0.07467242       0.64954019  0.14813283  0.12765456
  355     H   1.0  0.09314133       0.66205180  0.12859522  0.11621166
  356     H   1.0  0.07250773       0.67188179  0.13495378  0.12065669
  357     H   1.0  0.07920818       0.66991794  0.13200334  0.11887054
  358     H   1.0  0.12551632       0.51619136  0.10702714  0.25126518
  359     H   1.0  0.06616146       0.65089858  0.14313447  0.13980549
  360     H   1.0  0.06550731       0.65431362  0.14215460  0.13802446
  361     O   6.0 -0.10058397       1.11015105  0.36947137  3.45537257  1.00123477  0.16435421
  362     O   6.0 -0.11996196       1.10620177  0.39037609  3.46211076  1.05187911  0.10939424
  363     C   4.0 -0.07292141       0.63322425  0.25461483  2.04927760  0.72512320  0.41068153
  364     C   4.0 -0.11702698       0.61873609  0.27483782  2.08486527  0.78347367  0.35511412
  365     C   4.0 -0.06309804       0.64117724  0.27237433  2.08334875  0.74954945  0.31664827
  366     C   4.0  0.00612513       0.62931561  0.24554323  1.93767613  0.68516445  0.49617544
  367     C   4.0 -0.10378786       0.64702839  0.27426302  2.08811545  0.75736970  0.33701130
  368     C   4.0 -0.00015442       0.63112956  0.24590012  1.94232851  0.68184310  0.49895312
  369     C   4.0 -0.09328406       0.64941972  0.27590284  2.08890766  0.75835836  0.32069547
  370     C   4.0 -0.07918481       0.65611768  0.27924743  2.05061120  0.76450369  0.32870481
  371     C   4.0 -0.10082139       0.63914281  0.28948027  2.03759390  0.78158651  0.35301790
  372     C   4.0 -0.14259391       0.67310047  0.29914773  2.11412108  0.82152256  0.23470207
  373     H   1.0  0.07997902       0.66121942  0.14117031  0.11763125
  374     H   1.0  0.08341148       0.65617925  0.14122936  0.11917991
  375     H   1.0  0.07934716       0.64224952  0.14768675  0.13071656
  376     H   1.0  0.08223320       0.64349467  0.14286089  0.13141124
  377     H   1.0  0.08398538       0.64196002  0.14059630  0.13345830
  378     H   1.0  0.07275998       0.65280628  0.14762282  0.12681092
  379     H   1.0  0.08035575       0.66217542  0.13847347  0.11899536
  380     H   1.0  0.07064283       0.66944915  0.14251788  0.11739014
  381     H   1.0  0.06788014       0.67084670  0.14217678  0.11909638
  382     H   1.0  0.15549263       0.51886010  0.10384439  0.22180288
  383     H   1.0  0.07252146       0.65029824  0.13670263  0.14047767
  384     H   1.0  0.06119883       0.65798515  0.14075619  0.14005983
 largest Wiberg (=(PS)*(SP)) bond orders for each atom
           total WBO             WBO to atom > 0.05 ...
     1  O    2.06253067    C    6  1.01603501    C   11  0.94289221
     2  O    1.78295422    C    8  1.02615007    H   22  0.71771518
     3  C    3.88314834    C    7  1.40458652    C    5  1.37151887    C    4  1.01517785
     4  C    3.86921736    C   10  1.02362766    C    3  1.01517785    H   14  0.89407029    H   13  0.88889019
     5  C    3.82125603    C    6  1.41134671    C    3  1.37151887    H   15  0.91023261
     6  C    3.84264687    C    5  1.41134671    C    8  1.27909137    O    1  1.01603501
     7  C    3.83244391    C    9  1.40577090    C    3  1.40458652    H   16  0.90285841
     8  C    3.81381361    C    9  1.40019644    C    6  1.27909137    O    2  1.02615007
     9  C    3.81143115    C    7  1.40577090    C    8  1.40019644    H   17  0.90520384
    10  C    3.77023781    C   12  1.89025008    C    4  1.02362766    H   18  0.91412626
    11  C    3.64635858    O    1  0.94289221    H   19  0.91261939    H   20  0.91131526    H   21  0.90074626
    12  C    3.72593634    C   10  1.89025008    H   24  0.93028874    H   23  0.92187227
    13  H    0.85866569    C    4  0.88889019
    14  H    0.85165517    C    4  0.89407029
    15  H    0.89936163    C    5  0.91023261
    16  H    0.90401276    C    7  0.90285841
    17  H    0.90058595    C    9  0.90520384
    18  H    0.91497032    C   10  0.91412626
    19  H    0.85323993    C   11  0.91261939
    20  H    0.85378871    C   11  0.91131526
    21  H    0.85239219    C   11  0.90074626
    22  H    0.70095043    O    2  0.71771518
    23  H    0.91228648    C   12  0.92187227
    24  H    0.90765507    C   12  0.93028874
    25  O    2.07655965    C   30  1.00960162    C   35  0.95525113
    26  O    1.80155107    C   32  1.03126013    H   46  0.71044846
    27  C    3.90246704    C   31  1.40395022    C   29  1.38022820    C   28  1.01928761
    28  C    3.87605138    C   27  1.01928761    C   34  1.01391715    H   37  0.88749172    H   38  0.88009011
    29  C    3.84036159    C   30  1.40609172    C   27  1.38022820    H   39  0.90509243
    30  C    3.85167686    C   29  1.40609172    C   32  1.27666522    O   25  1.00960162
    31  C    3.83570431    C   33  1.41845054    C   27  1.40395022    H   40  0.90818025
    32  C    3.82508783    C   33  1.38726992    C   30  1.27666522    O   26  1.03126013
    33  C    3.80471815    C   31  1.41845054    C   32  1.38726992    H   41  0.90516263
    34  C    3.78677182    C   36  1.88913669    C   28  1.01391715    H   42  0.90814380
    35  C    3.67307541    O   25  0.95525113    H   45  0.90483225    H   44  0.90165158    H   43  0.89360122
    36  C    3.72820594    C   34  1.88913669    H   48  0.92179375    H   47  0.91795215
    37  H    0.86495302    C   28  0.88749172
    38  H    0.85756168    C   28  0.88009011
    39  H    0.89856808    C   29  0.90509243
    40  H    0.90154005    C   31  0.90818025
    41  H    0.89664981    C   33  0.90516263
    42  H    0.91317702    C   34  0.90814380
    43  H    0.86335960    C   35  0.89360122
    44  H    0.85350085    C   35  0.90165158
    45  H    0.86968496    C   35  0.90483225
    46  H    0.72421065    O   26  0.71044846
    47  H    0.90350657    C   36  0.91795215
    48  H    0.90526760    C   36  0.92179375
    49  O    2.06715250    C   54  1.01803412    C   59  0.94373929
    50  O    1.81697207    C   56  1.02408528    H   70  0.71509440
    51  C    3.88902645    C   55  1.40426229    C   53  1.36843230    C   52  1.00098040
    52  C    3.87053575    C   58  1.03517639    C   51  1.00098040    H   62  0.90159186    H   61  0.88483688
    53  C    3.82066981    C   54  1.40488716    C   51  1.36843230    H   63  0.90484901
    54  C    3.84710772    C   53  1.40488716    C   56  1.28282346    O   49  1.01803412
    55  C    3.85582667    C   57  1.41439310    C   51  1.40426229    H   64  0.90353804
    56  C    3.82632104    C   57  1.40048820    C   54  1.28282346    O   50  1.02408528
    57  C    3.83319339    C   55  1.41439310    C   56  1.40048820    H   65  0.89968194
    58  C    3.78909631    C   60  1.86899141    C   52  1.03517639    H   66  0.90880425
    59  C    3.64218357    O   49  0.94373929    H   67  0.91637705    H   69  0.91559406    H   68  0.90239996
    60  C    3.75549104    C   58  1.86899141    H   72  0.91518542    H   71  0.91143163
    61  H    0.84698997    C   52  0.88483688
    62  H    0.85770247    C   52  0.90159186
    63  H    0.89855106    C   53  0.90484901
    64  H    0.91296185    C   55  0.90353804
    65  H    0.91362155    C   57  0.89968194
    66  H    0.90808978    C   58  0.90880425
    67  H    0.85730918    C   59  0.91637705
    68  H    0.85301540    C   59  0.90239996
    69  H    0.85618424    C   59  0.91559406
    70  H    0.69932979    O   50  0.71509440
    71  H    0.92414330    C   60  0.91143163
    72  H    0.91819669    C   60  0.91518542
    73  O    2.07403689    C   78  1.00209252    C   83  0.95070817
    74  O    1.83301388    C   80  1.05845627    H   94  0.70850780
    75  C    3.90299394    C   79  1.40847230    C   77  1.36825484    C   76  0.99715242
    76  C    3.87261440    C   82  1.02476675    C   75  0.99715242    H   86  0.90306716    H   85  0.87733746
    77  C    3.83971839    C   78  1.41982321    C   75  1.36825484    H   87  0.90618151
    78  C    3.83417251    C   77  1.41982321    C   80  1.26978950    O   73  1.00209252
    79  C    3.84754849    C   81  1.41297518    C   75  1.40847230    H   88  0.90750531
    80  C    3.83349573    C   81  1.38945373    C   78  1.26978950    O   74  1.05845627
    81  C    3.81515738    C   79  1.41297518    C   80  1.38945373    H   89  0.90276138
    82  C    3.79771805    C   84  1.87285075    C   76  1.02476675    H   90  0.90487747
    83  C    3.66686400    O   73  0.95070817    H   91  0.90392475    H   92  0.89959060    H   93  0.89189127
    84  C    3.74886269    C   82  1.87285075    H   96  0.91453293    H   95  0.90912958
    85  H    0.86174064    C   76  0.87733746
    86  H    0.85298361    C   76  0.90306716
    87  H    0.89482354    C   77  0.90618151
    88  H    0.90054103    C   79  0.90750531
    89  H    0.90171536    C   81  0.90276138
    90  H    0.90979079    C   82  0.90487747
    91  H    0.85904709    C   83  0.90392475
    92  H    0.86479011    C   83  0.89959060
    93  H    0.86044665    C   83  0.89189127
    94  H    0.70655125    O   74  0.70850780
    95  H    0.91690574    C   84  0.90912958
    96  H    0.91591919    C   84  0.91453293
    97  O    2.06945480    C  102  1.00991366    C  107  0.94969466
    98  O    1.79019442    C  104  1.02493383    H  118  0.71480472
    99  C    3.88639421    C  103  1.40431788    C  101  1.36800847    C  100  1.00021790
   100  C    3.86456073    C  106  1.02333417    C   99  1.00021790    H  110  0.90038042    H  109  0.88599239
   101  C    3.83817517    C  102  1.42071543    C   99  1.36800847    H  111  0.90755199
   102  C    3.84953329    C  101  1.42071543    C  104  1.27878400    O   97  1.00991366
   103  C    3.83382275    C   99  1.40431788    C  105  1.40301433    H  112  0.90636175
   104  C    3.82153284    C  105  1.39652790    C  102  1.27878400    O   98  1.02493383
   105  C    3.80545872    C  103  1.40301433    C  104  1.39652790    H  113  0.90385940
   106  C    3.78903268    C  108  1.86931006    C  100  1.02333417    H  114  0.91429123
   107  C    3.66898393    O   97  0.94969466    H  117  0.90329052    H  116  0.90311060    H  115  0.89521863
   108  C    3.75660955    C  106  1.86931006    H  120  0.91675042    H  119  0.91115272
   109  H    0.85124545    C  100  0.88599239
   110  H    0.85584565    C  100  0.90038042
   111  H    0.90071252    C  101  0.90755199
   112  H    0.90111020    C  103  0.90636175
   113  H    0.90296829    C  105  0.90385940
   114  H    0.91116473    C  106  0.91429123
   115  H    0.86512133    C  107  0.89521863
   116  H    0.85494518    C  107  0.90311060
   117  H    0.86543350    C  107  0.90329052
   118  H    0.70132092    O   98  0.71480472
   119  H    0.92309489    C  108  0.91115272
   120  H    0.92027330    C  108  0.91675042
   121  O    2.04169814    C  126  0.98606681    C  131  0.95081993
   122  O    1.77940204    C  128  1.03063616    H  142  0.70472639
   123  C    3.89169882    C  127  1.39669766    C  125  1.37997583    C  124  0.99828596
   124  C    3.87434362    C  130  1.02891482    C  123  0.99828596    H  133  0.89107631    H  134  0.88136545
   125  C    3.83707962    C  126  1.40202493    C  123  1.37997583    H  135  0.90874155
   126  C    3.83188627    C  125  1.40202493    C  128  1.29101303    O  121  0.98606681
   127  C    3.84429896    C  129  1.42349113    C  123  1.39669766    H  136  0.91107910
   128  C    3.81982628    C  129  1.37910759    C  126  1.29101303    O  122  1.03063616
   129  C    3.80706594    C  127  1.42349113    C  128  1.37910759    H  137  0.90437886
   130  C    3.78070200    C  132  1.87900179    C  124  1.02891482    H  138  0.91091266
   131  C    3.66243817    O  121  0.95081993    H  140  0.90967927    H  139  0.90552600    H  141  0.89737852
   132  C    3.74329065    C  130  1.87900179    H  144  0.92155609    H  143  0.90443045
   133  H    0.87217855    C  124  0.89107631
   134  H    0.86004758    C  124  0.88136545
   135  H    0.89611562    C  125  0.90874155
   136  H    0.90279421    C  127  0.91107910
   137  H    0.90576955    C  129  0.90437886
   138  H    0.89691658    C  130  0.91091266
   139  H    0.86821219    C  131  0.90552600
   140  H    0.84967548    C  131  0.90967927
   141  H    0.85681292    C  131  0.89737852
   142  H    0.71689385    O  122  0.70472639
   143  H    0.91165478    C  132  0.90443045
   144  H    0.91930750    C  132  0.92155609
   145  O    2.06032617    C  150  0.99964012    C  155  0.95013464
   146  O    1.84551501    C  152  1.04710710    H  166  0.72130272
   147  C    3.91048215    C  151  1.39736318    C  149  1.37702534    C  148  1.00201775
   148  C    3.88112012    C  154  1.01747937    C  147  1.00201775    H  158  0.90476789    H  157  0.87776475
   149  C    3.84169827    C  150  1.40505924    C  147  1.37702534    H  159  0.90437270
   150  C    3.84739266    C  149  1.40505924    C  152  1.27970851    O  145  0.99964012
   151  C    3.85698253    C  153  1.42035281    C  147  1.39736318    H  160  0.90709796
   152  C    3.84094131    C  153  1.37805941    C  150  1.27970851    O  146  1.04710710
   153  C    3.82649509    C  151  1.42035281    C  152  1.37805941    H  161  0.89816223
   154  C    3.79269585    C  156  1.87261405    C  148  1.01747937    H  162  0.90820003
   155  C    3.66255792    O  145  0.95013464    H  163  0.90838110    H  164  0.90187710    H  165  0.89029672
   156  C    3.75043186    C  154  1.87261405    H  168  0.91894770    H  167  0.91225321
   157  H    0.86416881    C  148  0.87776475
   158  H    0.86375448    C  148  0.90476789
   159  H    0.89438581    C  149  0.90437270
   160  H    0.90194333    C  151  0.90709796
   161  H    0.90792618    C  153  0.89816223
   162  H    0.90548302    C  154  0.90820003
   163  H    0.87053445    C  155  0.90838110
   164  H    0.85224012    C  155  0.90187710
   165  H    0.85585064    C  155  0.89029672
   166  H    0.72022389    O  146  0.72130272
   167  H    0.90873695    C  156  0.91225321
   168  H    0.91871642    C  156  0.91894770
   169  O    2.08789213    C  174  1.01877409    C  179  0.94729835
   170  O    1.81019737    C  176  1.03205606    H  190  0.70096438
   171  C    3.90397849    C  173  1.40088314    C  175  1.37877224    C  172  0.99871115
   172  C    3.87542795    C  178  1.02037816    C  171  0.99871115    H  181  0.89654779    H  182  0.88976804
   173  C    3.82985091    C  171  1.40088314    C  174  1.36195180    H  183  0.89893522
   174  C    3.85231208    C  173  1.36195180    C  176  1.30935041    O  169  1.01877409
   175  C    3.83077748    C  177  1.44010259    C  171  1.37877224    H  184  0.89661316
   176  C    3.84135332    C  177  1.36798930    C  174  1.30935041    O  170  1.03205606
   177  C    3.82112277    C  175  1.44010259    C  176  1.36798930    H  185  0.90989945
   178  C    3.78928402    C  180  1.87180202    C  172  1.02037816    H  186  0.90731423
   179  C    3.67717993    O  169  0.94729835    H  189  0.89997279    H  187  0.89966336    H  188  0.89447954
   180  C    3.72784034    C  178  1.87180202    H  191  0.91793548    H  192  0.91780277
   181  H    0.85408047    C  172  0.89654779
   182  H    0.86357885    C  172  0.88976804
   183  H    0.90875392    C  173  0.89893522
   184  H    0.90186191    C  175  0.89661316
   185  H    0.90289569    C  177  0.90989945
   186  H    0.91831210    C  178  0.90731423
   187  H    0.86828390    C  179  0.89966336
   188  H    0.86603477    C  179  0.89447954
   189  H    0.84900131    C  179  0.89997279
   190  H    0.71321073    O  170  0.70096438
   191  H    0.89924580    C  180  0.91793548
   192  H    0.91024926    C  180  0.91780277
   193  O    2.06436102    C  198  1.00455069    C  203  0.95355920
   194  O    1.81690463    C  200  1.04208309    H  214  0.71800190
   195  C    3.90560822    C  199  1.40070822    C  197  1.37414053    C  196  0.99647794
   196  C    3.87812069    C  202  1.01857737    C  195  0.99647794    H  205  0.90746528    H  206  0.88111393
   197  C    3.84060860    C  198  1.40672342    C  195  1.37414053    H  207  0.90662540
   198  C    3.84120446    C  197  1.40672342    C  200  1.27467779    O  193  1.00455069
   199  C    3.84764856    C  201  1.41728697    C  195  1.40070822    H  208  0.90645498
   200  C    3.83313025    C  201  1.38838151    C  198  1.27467779    O  194  1.04208309
   201  C    3.81948442    C  199  1.41728697    C  200  1.38838151    H  209  0.90621321
   202  C    3.78918113    C  204  1.87023750    C  196  1.01857737    H  210  0.91230096
   203  C    3.66862835    O  193  0.95355920    H  212  0.90808429    H  211  0.90298610    H  213  0.89548862
   204  C    3.75322977    C  202  1.87023750    H  216  0.92135532    H  215  0.91101684
   205  H    0.86752029    C  196  0.90746528
   206  H    0.86472340    C  196  0.88111393
   207  H    0.89901598    C  197  0.90662540
   208  H    0.89808132    C  199  0.90645498
   209  H    0.90170089    C  201  0.90621321
   210  H    0.90431305    C  202  0.91230096
   211  H    0.85208783    C  203  0.90298610
   212  H    0.87078142    C  203  0.90808429
   213  H    0.85583960    C  203  0.89548862
   214  H    0.71710281    O  194  0.71800190
   215  H    0.91191632    C  204  0.91101684
   216  H    0.92378782    C  204  0.92135532
   217  O    2.01125252    C  222  0.97886121    C  227  0.94317226
   218  O    1.83058477    C  224  1.05569910    H  238  0.71509100
   219  C    3.90478972    C  223  1.38847691    C  221  1.38279439    C  220  1.01900193
   220  C    3.89090242    C  219  1.01900193    C  226  1.01547898    H  229  0.88773825    H  230  0.87745163
   221  C    3.84595524    C  222  1.40268925    C  219  1.38279439    H  231  0.89438377
   222  C    3.83503726    C  221  1.40268925    C  224  1.30674058    O  217  0.97886121
   223  C    3.84736852    C  225  1.43197226    C  219  1.38847691    H  232  0.90868877
   224  C    3.84190874    C  225  1.36061950    C  222  1.30674058    O  218  1.05569910
   225  C    3.80891228    C  223  1.43197226    C  224  1.36061950    H  233  0.90310326
   226  C    3.79837439    C  228  1.88806454    C  220  1.01547898    H  234  0.90292132
   227  C    3.66960385    O  217  0.94317226    H  237  0.90730519    H  235  0.90231975    H  236  0.89585085
   228  C    3.74513602    C  226  1.88806454    H  240  0.91988356    H  239  0.91153698
   229  H    0.86414860    C  220  0.88773825
   230  H    0.86298561    C  220  0.87745163
   231  H    0.90958629    C  221  0.89438377
   232  H    0.90377497    C  223  0.90868877
   233  H    0.90155160    C  225  0.90310326
   234  H    0.92011424    C  226  0.90292132
   235  H    0.85413664    C  227  0.90231975
   236  H    0.86490766    C  227  0.89585085
   237  H    0.87656586    C  227  0.90730519
   238  H    0.69665866    O  218  0.71509100
   239  H    0.91347414    C  228  0.91153698
   240  H    0.90828916    C  228  0.91988356
   241  O    2.06504731    C  246  0.99571037    C  251  0.95305520
   242  O    1.83820591    C  248  1.04715105    H  262  0.72251437
   243  C    3.90445050    C  247  1.40120762    C  245  1.37803210    C  244  1.01687551
   244  C    3.88469982    C  243  1.01687551    C  250  1.01606354    H  254  0.89095674    H  253  0.87974260
   245  C    3.84340559    C  246  1.40789308    C  243  1.37803210    H  255  0.90724327
   246  C    3.84217529    C  245  1.40789308    C  248  1.27956806    O  241  0.99571037
   247  C    3.83722960    C  249  1.41950908    C  243  1.40120762    H  256  0.90453397
   248  C    3.82656850    C  249  1.38037058    C  246  1.27956806    O  242  1.04715105
   249  C    3.80359387    C  247  1.41950908    C  248  1.38037058    H  257  0.90555290
   250  C    3.79184646    C  252  1.88639188    C  244  1.01606354    H  258  0.90151777
   251  C    3.67037241    O  241  0.95305520    H  261  0.90514301    H  259  0.90029580    H  260  0.89188851
   252  C    3.73775760    C  250  1.88639188    H  264  0.92389706    H  263  0.91229659
   253  H    0.85442439    C  244  0.87974260
   254  H    0.86319344    C  244  0.89095674
   255  H    0.89905337    C  245  0.90724327
   256  H    0.90527332    C  247  0.90453397
   257  H    0.90555133    C  249  0.90555290
   258  H    0.91916449    C  250  0.90151777
   259  H    0.85633203    C  251  0.90029580
   260  H    0.86103978    C  251  0.89188851
   261  H    0.86886214    C  251  0.90514301
   262  H    0.72445523    O  242  0.72251437
   263  H    0.91248962    C  252  0.91229659
   264  H    0.90817388    C  252  0.92389706
   265  O    2.08466726    C  270  1.01660115    C  275  0.94947477
   266  O    1.82169328    C  272  1.03307057    H  286  0.71812740
   267  C    3.90571109    C  269  1.40379234    C  271  1.37604760    C  268  0.99627406
   268  C    3.87145857    C  274  1.02617639    C  267  0.99627406    H  277  0.88909184    H  278  0.88700596
   269  C    3.82802684    C  267  1.40379234    C  270  1.36067805    H  279  0.89651238
   270  C    3.84976398    C  269  1.36067805    C  272  1.31368365    O  265  1.01660115
   271  C    3.84783227    C  273  1.43897860    C  267  1.37604760    H  280  0.90408811
   272  C    3.84414074    C  273  1.36292233    C  270  1.31368365    O  266  1.03307057
   273  C    3.82815809    C  271  1.43897860    C  272  1.36292233    H  281  0.90692642
   274  C    3.80296112    C  276  1.86678529    C  268  1.02617639    H  282  0.90724955
   275  C    3.67240710    O  265  0.94947477    H  284  0.89997155    H  285  0.89391052    H  283  0.89067142
   276  C    3.75107576    C  274  1.86678529    H  288  0.91648897    H  287  0.91079343
   277  H    0.86108061    C  268  0.88909184
   278  H    0.85542381    C  268  0.88700596
   279  H    0.90598503    C  269  0.89651238
   280  H    0.90379126    C  271  0.90408811
   281  H    0.89791391    C  273  0.90692642
   282  H    0.92443208    C  274  0.90724955
   283  H    0.85543150    C  275  0.89067142
   284  H    0.86837318    C  275  0.89997155
   285  H    0.86506947    C  275  0.89391052
   286  H    0.69391521    O  266  0.71812740
   287  H    0.92244729    C  276  0.91079343
   288  H    0.90536110    C  276  0.91648897
   289  O    2.05473363    C  294  1.01309213    C  299  0.94150067
   290  O    1.84330630    C  296  1.03496855    H  310  0.71519348
   291  C    3.89629550    C  295  1.40370281    C  293  1.36991434    C  292  1.00332067
   292  C    3.86118190    C  298  1.01977051    C  291  1.00332067    H  302  0.90136708    H  301  0.88748425
   293  C    3.82548383    C  294  1.41278427    C  291  1.36991434    H  303  0.90782069
   294  C    3.85484762    C  293  1.41278427    C  296  1.27918472    O  289  1.01309213
   295  C    3.85783860    C  297  1.40626105    C  291  1.40370281    H  304  0.90123705
   296  C    3.84195847    C  297  1.39228395    C  294  1.27918472    O  290  1.03496855
   297  C    3.84013687    C  295  1.40626105    C  296  1.39228395    H  305  0.89592104
   298  C    3.79640209    C  300  1.86926297    C  292  1.01977051    H  306  0.90982741
   299  C    3.63716546    O  289  0.94150067    H  307  0.90899420    H  309  0.89502573    H  308  0.89486978
   300  C    3.74805899    C  298  1.86926297    H  312  0.91951418    H  311  0.91211364
   301  H    0.86235805    C  292  0.88748425
   302  H    0.85498572    C  292  0.90136708
   303  H    0.88361391    C  293  0.90782069
   304  H    0.90807582    C  295  0.90123705
   305  H    0.91616954    C  297  0.89592104
   306  H    0.92464742    C  298  0.90982741
   307  H    0.84957537    C  299  0.90899420
   308  H    0.85893040    C  299  0.89486978
   309  H    0.85460108    C  299  0.89502573
   310  H    0.70389434    O  290  0.71519348
   311  H    0.92277019    C  300  0.91211364
   312  H    0.90053441    C  300  0.91951418
   313  O    2.07976612    C  318  1.01759627    C  323  0.94489054
   314  O    1.81898585    C  320  1.03352238    H  334  0.72004670
   315  C    3.90804648    C  317  1.39595052    C  319  1.38413703    C  316  1.00056426
   316  C    3.87221299    C  322  1.02464162    C  315  1.00056426    H  326  0.89784221    H  325  0.88461609
   317  C    3.82978969    C  315  1.39595052    C  318  1.37467300    H  327  0.90489340
   318  C    3.85389948    C  317  1.37467300    C  320  1.30258294    O  313  1.01759627
   319  C    3.85245038    C  321  1.42732921    C  315  1.38413703    H  328  0.90054993
   320  C    3.84474670    C  321  1.37197933    C  318  1.30258294    O  314  1.03352238
   321  C    3.82722082    C  319  1.42732921    C  320  1.37197933    H  329  0.90388383
   322  C    3.80376722    C  324  1.86618967    C  316  1.02464162    H  330  0.90395202
   323  C    3.66454972    O  313  0.94489054    H  333  0.90248983    H  331  0.89753644    H  332  0.89440616
   324  C    3.75855581    C  322  1.86618967    H  336  0.91346360    H  335  0.90990138
   325  H    0.85637400    C  316  0.88461609
   326  H    0.85387919    C  316  0.89784221
   327  H    0.90533798    C  317  0.90489340
   328  H    0.90622958    C  319  0.90054993
   329  H    0.89935011    C  321  0.90388383
   330  H    0.92054116    C  322  0.90395202
   331  H    0.85159694    C  323  0.89753644
   332  H    0.86384655    C  323  0.89440616
   333  H    0.86462021    C  323  0.90248983
   334  H    0.69735426    O  314  0.72004670
   335  H    0.92222570    C  324  0.90990138
   336  H    0.91213723    C  324  0.91346360
   337  O    2.06100270    C  342  1.00711985    C  347  0.94563485
   338  O    1.82487112    C  344  1.04187535    H  358  0.70888845
   339  C    3.89864574    C  341  1.39220781    C  343  1.38425601    C  340  0.99608127
   340  C    3.87238424    C  346  1.02435889    C  339  0.99608127    H  350  0.89585656    H  349  0.88177452
   341  C    3.82595213    C  339  1.39220781    C  342  1.37726437    H  351  0.90592116
   342  C    3.83728154    C  341  1.37726437    C  344  1.30173963    O  337  1.00711985
   343  C    3.85026061    C  345  1.42725314    C  339  1.38425601    H  352  0.90610338
   344  C    3.84621136    C  345  1.36850687    C  342  1.30173963    O  338  1.04187535
   345  C    3.82534313    C  343  1.42725314    C  344  1.36850687    H  353  0.90681308
   346  C    3.77992577    C  348  1.87739028    C  340  1.02435889    H  354  0.90579000
   347  C    3.67708564    O  337  0.94563485    H  357  0.90512581    H  356  0.89876705    H  355  0.89324577
   348  C    3.73649038    C  346  1.87739028    H  360  0.92410958    H  359  0.91407288
   349  H    0.85844183    C  340  0.88177452
   350  H    0.87288983    C  340  0.89585656
   351  H    0.90456013    C  341  0.90592116
   352  H    0.90337025    C  343  0.90610338
   353  H    0.90526400    C  345  0.90681308
   354  H    0.90347327    C  346  0.90579000
   355  H    0.86529970    C  347  0.89324577
   356  H    0.85128692    C  347  0.89876705
   357  H    0.87489921    C  347  0.90512581
   358  H    0.71412670    O  338  0.70888845
   359  H    0.90360372    C  348  0.91407288
   360  H    0.91897060    C  348  0.92410958
   361  O    2.07295146    C  366  1.02252373    C  371  0.94208971
   362  O    1.84202441    C  368  1.03978423    H  382  0.71732871
   363  C    3.88925099    C  367  1.40342072    C  365  1.36973846    C  364  1.00160313
   364  C    3.85682385    C  370  1.02322745    C  363  1.00160313    H  373  0.90772673    H  374  0.89106011
   365  C    3.81555461    C  366  1.40958632    C  363  1.36973846    H  375  0.90420477
   366  C    3.85426176    C  365  1.40958632    C  368  1.27815621    O  361  1.02252373
   367  C    3.85347629    C  369  1.40702060    C  363  1.40342072    H  376  0.90087697
   368  C    3.83733095    C  369  1.39216350    C  366  1.27815621    O  362  1.03978423
   369  C    3.84151060    C  367  1.40702060    C  368  1.39216350    H  377  0.89625436
   370  C    3.78381935    C  372  1.86720018    C  364  1.02322745    H  378  0.91451368
   371  C    3.63958361    O  361  0.94208971    H  381  0.91272497    H  380  0.91095160    H  379  0.90373938
   372  C    3.75065967    C  370  1.86720018    H  384  0.92603819    H  383  0.91312629
   373  H    0.86331953    C  364  0.90772673
   374  H    0.85206683    C  364  0.89106011
   375  H    0.89723550    C  365  0.90420477
   376  H    0.91071471    C  367  0.90087697
   377  H    0.91871506    C  369  0.89625436
   378  H    0.90362913    C  370  0.91451368
   379  H    0.85330064    C  371  0.90373938
   380  H    0.85445283    C  371  0.91095160
   381  H    0.85407026    C  371  0.91272497
   382  H    0.68799411    O  362  0.71732871
   383  H    0.91842793    C  372  0.91312629
   384  H    0.91336756    C  372  0.92603819
dipole moment  X         Y          Z
       -4.282304       -1.398056        1.551886  total     (au/Debye)      :     4.7646    12.1106
second moment  X^2       Y^2        Z^2
      900.827444      794.523084      799.957248  average   (au)            :   831.7693
cpu  time for all    9 m 56.0 s
wall time for all    0 m 15.0 s
