 
       ==============================================
       |                 P T B                      |
       |                S.Grimme                    |
       |          Universitaet Bonn, MCTC           |
       ==============================================
       Version 3.7, Do 28. Apr 14:28:45 CEST 2022
 
       Cite work conducted with this code as
       S. Grimme, M. Mueller, A. Hansen, unpublished.
 
 filter  1.000000000000000E-004
 ../../../../.atompara                                                                                                                                                                                                                                           
          =========================
          reading ... ../../../../systems/s30l_24.xyz
          =========================
 basis read done.
 ncao                   1874
 nsao                   1768
 npr                    4908
 basis setup done. Ndim                  1768
 coreat                    106
 cncao                     106
 cnsao                     106
 cnpr                      636
 
 nalpha                    280
 nbeta                     280
 ntotal                    560
 nopen                       0
cpu  time for startup and initial S    0.40 s
wall time for startup and initial S    1.00 s
               -----------------------
               |      PTB  model      |
               | SG, MM, AH 2020-2022 |
               -----------------------
 prop :                     1
 PA setup with Mull-Loew partitioning   0.333333 ...
 done.
EEQ done. sum q :    0.000
    atom   Zeff  qEEQ  mod   srCN   noHCN   CN(EEQ)
    1    8  6.0    -0.115   1.389   0.300   1.001
    2    8  6.0    -0.115   1.373   0.300   1.001
    3    8  6.0    -0.115   1.387   0.300   1.001
    4    8  6.0    -0.114   1.373   0.301   1.001
    5    8  6.0    -0.116   1.390   0.300   1.001
    6    8  6.0    -0.115   1.380   0.301   1.001
    7    8  6.0    -0.116   1.385   0.299   1.001
    8    8  6.0    -0.115   1.389   0.300   1.001
    9    8  6.0    -0.116   1.385   0.299   1.001
   10    8  6.0    -0.115   1.379   0.301   1.001
   11    8  6.0    -0.116   1.390   0.300   1.001
   12    8  6.0    -0.114   1.373   0.301   1.001
   13    8  6.0    -0.115   1.387   0.300   1.001
   14    8  6.0    -0.114   1.373   0.300   1.001
   15    7  5.0     0.036   3.836   0.456   3.033
   16    7  5.0     0.035   3.832   0.454   3.032
   17    7  5.0     0.036   3.832   0.454   3.033
   18    7  5.0     0.036   3.836   0.457   3.034
   19    7  5.0     0.035   3.837   0.454   3.032
   20    7  5.0     0.035   3.835   0.453   3.031
   21    7  5.0     0.036   3.834   0.457   3.034
   22    7  5.0     0.036   3.834   0.457   3.034
   23    7  5.0     0.035   3.835   0.454   3.031
   24    7  5.0     0.035   3.835   0.453   3.031
   25    7  5.0     0.036   3.833   0.457   3.034
   26    7  5.0     0.036   3.833   0.456   3.034
   27    7  5.0     0.035   3.834   0.453   3.032
   28    7  5.0     0.035   3.836   0.455   3.033
   29    7  5.0     0.035   3.832   0.454   3.032
   30    7  5.0     0.036   3.836   0.456   3.033
   31    7  5.0     0.035   3.836   0.455   3.033
   32    7  5.0     0.035   3.834   0.453   3.032
   33    7  5.0     0.036   3.834   0.456   3.034
   34    7  5.0     0.036   3.833   0.457   3.034
   35    7  5.0     0.035   3.835   0.453   3.031
   36    7  5.0     0.035   3.835   0.453   3.031
   37    7  5.0     0.036   3.834   0.456   3.034
   38    7  5.0     0.036   3.834   0.457   3.034
   39    7  5.0     0.035   3.835   0.453   3.031
   40    7  5.0     0.035   3.837   0.454   3.032
   41    7  5.0     0.036   3.836   0.457   3.034
   42    7  5.0     0.036   3.832   0.455   3.033
   43    6  4.0    -0.041   4.716   0.321   4.054
   44    6  4.0    -0.041   4.716   0.321   4.054
   45    6  4.0    -0.051   3.641   0.653   3.063
   46    6  4.0    -0.064   4.150   0.279   3.994
   47    6  4.0    -0.041   4.716   0.321   4.053
   48    6  4.0    -0.041   4.719   0.321   4.054
   49    6  4.0    -0.051   3.653   0.653   3.062
   50    6  4.0    -0.064   4.153   0.279   3.994
   51    6  4.0    -0.041   4.715   0.321   4.053
   52    6  4.0    -0.041   4.719   0.321   4.054
   53    6  4.0    -0.051   3.639   0.654   3.065
   54    6  4.0    -0.064   4.153   0.279   3.994
   55    6  4.0    -0.041   4.716   0.321   4.053
   56    6  4.0    -0.041   4.718   0.321   4.054
   57    6  4.0    -0.051   3.652   0.653   3.061
   58    6  4.0    -0.041   4.718   0.321   4.054
   59    6  4.0    -0.041   4.716   0.321   4.053
   60    6  4.0    -0.064   4.156   0.280   3.995
   61    6  4.0    -0.051   3.647   0.653   3.063
   62    6  4.0    -0.041   4.719   0.321   4.054
   63    6  4.0    -0.041   4.715   0.321   4.053
   64    6  4.0    -0.064   4.148   0.279   3.994
   65    6  4.0    -0.051   3.647   0.652   3.062
   66    6  4.0    -0.041   4.719   0.321   4.054
   67    6  4.0    -0.041   4.716   0.321   4.053
   68    6  4.0    -0.064   4.156   0.280   3.994
   69    6  4.0    -0.051   3.640   0.653   3.064
   70    6  4.0    -0.064   4.148   0.279   3.994
   71    6  4.0    -0.051   3.647   0.653   3.063
   72    6  4.0    -0.064   4.153   0.279   3.994
   73    6  4.0    -0.051   3.647   0.652   3.062
   74    6  4.0    -0.064   4.156   0.280   3.994
   75    6  4.0    -0.064   4.156   0.280   3.995
   76    6  4.0    -0.051   3.641   0.653   3.064
   77    6  4.0    -0.051   3.640   0.653   3.064
   78    6  4.0    -0.064   4.152   0.279   3.994
   79    6  4.0    -0.064   4.150   0.279   3.994
   80    6  4.0    -0.051   3.653   0.653   3.062
   81    6  4.0    -0.051   3.652   0.652   3.061
   82    6  4.0    -0.064   4.152   0.279   3.994
   83    6  4.0    -0.064   4.153   0.279   3.994
   84    6  4.0    -0.051   3.639   0.654   3.065
   85    1  1.0     0.037   0.937   0.002   0.993
   86    1  1.0     0.063   0.952   0.003   0.993
   87    1  1.0     0.063   0.952   0.003   0.993
   88    1  1.0     0.039   0.897   0.002   0.993
   89    1  1.0     0.039   0.897   0.002   0.993
   90    1  1.0     0.039   0.897   0.002   0.993
   91    1  1.0     0.039   0.897   0.002   0.993
   92    1  1.0     0.063   0.952   0.003   0.993
   93    1  1.0     0.063   0.952   0.003   0.993
   94    1  1.0     0.039   0.897   0.002   0.993
   95    1  1.0     0.039   0.897   0.002   0.993
   96    1  1.0     0.063   0.953   0.003   0.993
   97    1  1.0     0.063   0.953   0.003   0.993
   98    1  1.0     0.063   0.952   0.003   0.993
   99    1  1.0     0.063   0.952   0.003   0.993
  100    1  1.0     0.039   0.897   0.002   0.993
  101    1  1.0     0.039   0.897   0.002   0.993
  102    1  1.0     0.037   0.937   0.002   0.993
  103    1  1.0     0.039   0.897   0.002   0.993
  104    1  1.0     0.037   0.937   0.002   0.993
  105    1  1.0     0.063   0.953   0.003   0.993
  106    1  1.0     0.037   0.937   0.002   0.993
  107    1  1.0     0.039   0.897   0.002   0.993
  108    1  1.0     0.037   0.937   0.002   0.993
  109    1  1.0     0.063   0.952   0.003   0.993
  110    1  1.0     0.037   0.937   0.002   0.993
  111    1  1.0     0.039   0.897   0.002   0.993
  112    1  1.0     0.037   0.937   0.002   0.993
  113    1  1.0     0.063   0.953   0.003   0.993
  114    1  1.0     0.037   0.937   0.002   0.993
  115    1  1.0     0.063   0.952   0.003   0.993
  116    1  1.0     0.037   0.937   0.002   0.993
  117    1  1.0     0.039   0.897   0.002   0.993
  118    1  1.0     0.037   0.937   0.002   0.993
  119    1  1.0     0.039   0.897   0.002   0.993
  120    1  1.0     0.037   0.937   0.002   0.993
  121    1  1.0     0.063   0.952   0.003   0.993
  122    1  1.0     0.037   0.937   0.002   0.993
  123    1  1.0     0.063   0.952   0.003   0.993
  124    1  1.0     0.037   0.937   0.002   0.993
  125    1  1.0     0.039   0.897   0.002   0.993
  126    1  1.0     0.037   0.937   0.002   0.993
  127    6  4.0    -0.026   4.849   0.159   3.989
  128    6  4.0    -0.026   4.848   0.160   3.989
  129    6  4.0    -0.026   4.849   0.159   3.989
  130    6  4.0    -0.027   4.854   0.159   3.990
  131    6  4.0    -0.027   4.854   0.159   3.990
  132    6  4.0    -0.026   4.848   0.160   3.990
  133    6  4.0    -0.035   5.015   0.236   3.973
  134    6  4.0    -0.035   5.015   0.236   3.973
  135    6  4.0    -0.056   4.644   0.111   3.987
  136    6  4.0    -0.056   4.654   0.113   3.987
  137    6  4.0    -0.056   4.651   0.112   3.987
  138    6  4.0    -0.056   4.650   0.112   3.987
  139    6  4.0    -0.056   4.654   0.113   3.987
  140    6  4.0    -0.056   4.644   0.111   3.987
  141    6  4.0    -0.107   3.982   0.112   3.995
  142    6  4.0    -0.107   3.979   0.113   3.995
  143    6  4.0    -0.107   3.979   0.113   3.995
  144    6  4.0    -0.107   3.981   0.112   3.995
  145    6  4.0    -0.106   3.980   0.113   3.995
  146    6  4.0    -0.106   3.980   0.113   3.995
  147    7  5.0     0.142   4.056   0.386   3.952
  148    7  5.0     0.142   4.056   0.386   3.952
  149    1  1.0     0.049   0.972   0.002   0.993
  150    1  1.0     0.049   0.972   0.002   0.993
  151    1  1.0     0.049   0.974   0.002   0.993
  152    1  1.0     0.049   0.970   0.002   0.993
  153    1  1.0     0.049   0.970   0.002   0.993
  154    1  1.0     0.049   0.974   0.002   0.993
  155    1  1.0     0.053   0.908   0.003   0.993
  156    1  1.0     0.053   0.931   0.003   0.994
  157    1  1.0     0.053   0.917   0.003   0.993
  158    1  1.0     0.054   0.924   0.003   0.994
  159    1  1.0     0.053   0.905   0.003   0.993
  160    1  1.0     0.054   0.937   0.003   0.994
  161    1  1.0     0.053   0.917   0.003   0.993
  162    1  1.0     0.054   0.924   0.003   0.994
  163    1  1.0     0.053   0.908   0.003   0.993
  164    1  1.0     0.053   0.931   0.003   0.994
  165    1  1.0     0.053   0.905   0.003   0.993
  166    1  1.0     0.054   0.937   0.003   0.994
  167    1  1.0     0.053   0.831   0.003   0.994
  168    1  1.0     0.050   0.835   0.003   0.994
  169    1  1.0     0.051   0.826   0.003   0.994
  170    1  1.0     0.049   0.832   0.003   0.994
  171    1  1.0     0.052   0.835   0.003   0.994
  172    1  1.0     0.050   0.835   0.003   0.994
  173    1  1.0     0.052   0.836   0.003   0.994
  174    1  1.0     0.050   0.835   0.003   0.994
  175    1  1.0     0.053   0.831   0.003   0.994
  176    1  1.0     0.050   0.835   0.003   0.994
  177    1  1.0     0.051   0.826   0.003   0.994
  178    1  1.0     0.049   0.832   0.003   0.994
  179    1  1.0     0.039   0.836   0.003   0.994
  180    1  1.0     0.039   0.835   0.003   0.994
  181    1  1.0     0.039   0.835   0.003   0.994
  182    1  1.0     0.039   0.836   0.003   0.994
  183    1  1.0     0.039   0.835   0.003   0.994
  184    1  1.0     0.039   0.835   0.003   0.994
 computing Vecp ...
 WARNING: RUNNING ONLY THE FIRST ITERATION!!!
 PTB H matrix iteration                      1  done. Now solving ...

Total solve2                                   0.388031006 sec
* sygvd solver                                 0.349383116 sec

nel: 560, nel_calc:       560.00000000
 nel in P=   560.000000000000      required nel=                   560
 idempotency deviation  5.101784695296032E-003  9.999999974752427E-007
 Error: density matrix is not idempotent.
 Stupid simple implementation of the submatrix method:                     3                     2
 number of submatrices=                     1
 average sm dim=                  1768
 effort for full matrix ops=   131433372.476056     
 sums of efforts for submatrices=   131433372.476056     
 ratio   1.00000000000000     
 sm                     1                  1768  0.289692878723145     
 muiter                     1 mu  0.000000000000000E+000   1573.99847046556      of                   560
 muiter                     2 mu  -5.00000000000000       2.247699079386663E-125 of                   560
 muiter                     3 mu  -2.50000000000000        273.976324930213      of                   560
 muiter                     4 mu  -1.25000000000000        724.868924960323      of                   560
 muiter                     5 mu  -1.87500000000000        558.000000000000      of                   560
 muiter                     6 mu  -1.56250000000000        558.000000000000      of                   560
 muiter                     7 mu  -1.40625000000000        609.950875163542      of                   560
 muiter                     8 mu  -1.48437500000000        586.096783050785      of                   560
 muiter                     9 mu  -1.52343750000000        560.877216994365      of                   560
 muiter                    10 mu  -1.54296875000000        558.000000405684      of                   560
 muiter                    11 mu  -1.53320312500000        558.011744190894      of                   560
 muiter                    12 mu  -1.52832031250000        559.008970789299      of                   560
 muiter                    13 mu  -1.52587890625000        559.944136933454      of                   560
 muiter                    14 mu  -1.52465820312500        560.252067546159      of                   560
 muiter                    15 mu  -1.52526855468750        560.082836405390      of                   560
 muiter                    16 mu  -1.52557373046875        560.012531428141      of                   560
 muiter                    17 mu  -1.52572631835938        559.978432189384      of                   560
 muiter                    18 mu  -1.52565002441406        559.995465098330      of                   560
 muiter                    19 mu  -1.52561187744141        560.003988856920      of                   560
 muiter                    20 mu  -1.52563095092773        559.999725283079      of                   560
 muiter                    21 mu  -1.52562141418457        560.001856564450      of                   560
 muiter                    22 mu  -1.52562618255615        560.000790807630      of                   560
 muiter                    23 mu  -1.52562856674194        560.000258017601      of                   560
 muiter                    24 mu  -1.52562975883484        559.999991643562      of                   560
 iteration of chemical potential converged
 final iteration to get density matrix

Submatrix                                      0.387435913 sec
* alloc and filter                             0.014192820 sec
* submatrix combination                        0.000028133 sec
* submatrix stats                              0.000147104 sec
* mu iter                                      0.368119955 sec
* submatrix construction                       0.002861023 sec
* submatrix matrix function                    0.338873863 sec
* submatrix eigendecomp                        0.307654858 sec
* submatrix fe                                 0.031136036 sec
* submatrix occ                                0.000384569 sec
* submatrix Nel                                0.000087738 sec
* submatrix final iter                         0.019814014 sec
* submatrix dealloc                            0.004836082 sec
*                                              0.000000000 sec
*                                              0.000000000 sec
*                                              0.000000000 sec
*                                              0.000000000 sec
*                                              0.000000000 sec
*                                              0.000000000 sec
*                                              0.000000000 sec
*                                              0.000000000 sec

 first elements Pref   1.28588293699981       0.427115670499253       0.204589173277115       0.104976497674636       0.104958238187794       0.975721794885666      -4.815963468111006E-003 -4.758715215191049E-003  1.410534527177084E-003   1.15173021961081     
 first elements P      1.28588293638318       0.427115670328278       0.204589173229582       0.104976500706715       0.104958239112652       0.975721722948715      -4.815963456465818E-003 -4.758715210845308E-003  1.410533792179222E-003   1.15173021958568     
 Sparsity of Pref:
   dimension                                    1768
   nonzero elements                          1558426
   sparsity                     0.498564858418132     
   average elements per column                   881
 Sparsity of P:
   dimension                                    1768
   nonzero elements                          1558426
   sparsity                     0.498564858418132     
   average elements per column                   881
 maximal deviation in density matrix  1.374139589338519E-007                531996  0.384694071238288       0.384694208652247     
 MSE of density matrix  5.756312707064491E-016
 Inf-norm of density matrix  1.374139589338519E-007
 Tr(H Pref)=  -1535.60017954727     
 Tr(H P)=  -1535.60016680166     
 energy deviation abs(Tr(H P)-Tr(H Pref))=  1.274561259378970E-005
 energy deviation per atom abs(Tr(H P)-Tr(H Pref))/n=  6.926963366190055E-008
nel: 560, nel_calc:       559.99999164
 nel in P=   559.999991643561      required nel=                   560
 Error: density matrix gives wrong N_el.
 idempotency deviation  5.101901901478392E-003  9.999999974752427E-007
 Error: density matrix is not idempotent.
 D4 dispersion energy      :     -0.052197

     ------  PTB results ------
  # element  Z   pop.                shell populations
    1     O   6.0 -0.29444590       1.14713705  0.43455389  3.56787324  1.05410218  0.09077954
    2     O   6.0 -0.30000716       1.14703786  0.43571466  3.56919479  1.05503726  0.09302258
    3     O   6.0 -0.28529276       1.14724076  0.43431515  3.56124663  1.05488282  0.08760740
    4     O   6.0 -0.30579551       1.14652121  0.43558055  3.57170451  1.05635917  0.09563007
    5     O   6.0 -0.28685661       1.14881670  0.43357912  3.56160021  1.05536926  0.08749132
    6     O   6.0 -0.30451475       1.14700592  0.43485218  3.57241881  1.05574438  0.09449346
    7     O   6.0 -0.29308799       1.14857221  0.43433595  3.56635475  1.05431706  0.08950803
    8     O   6.0 -0.29423709       1.14713931  0.43456250  3.56769896  1.05410579  0.09073053
    9     O   6.0 -0.29323749       1.14857292  0.43432912  3.56644917  1.05433175  0.08955453
   10     O   6.0 -0.30460638       1.14700317  0.43486184  3.57243454  1.05577663  0.09453020
   11     O   6.0 -0.28687655       1.14882207  0.43356472  3.56164920  1.05534425  0.08749630
   12     O   6.0 -0.30577843       1.14652944  0.43558338  3.57168531  1.05636904  0.09561126
   13     O   6.0 -0.28520919       1.14724493  0.43432224  3.56118774  1.05489346  0.08756082
   14     O   6.0 -0.30001880       1.14701664  0.43571943  3.56917012  1.05505562  0.09305699
   15     N   5.0  0.00955892       0.82343763  0.28408948  2.74812537  0.87482408  0.25996452
   16     N   5.0  0.01072300       0.82392663  0.28450164  2.74648058  0.87555429  0.25881385
   17     N   5.0  0.00710512       0.82325500  0.28434977  2.74808449  0.87581441  0.26139121
   18     N   5.0  0.00638317       0.82287937  0.28376380  2.74884725  0.87535325  0.26277317
   19     N   5.0  0.01324465       0.82452232  0.28461877  2.74700493  0.87471089  0.25589846
   20     N   5.0  0.01285075       0.82592976  0.28496385  2.74553752  0.87551415  0.25520397
   21     N   5.0  0.00344515       0.82168931  0.28363872  2.75021851  0.87568423  0.26532409
   22     N   5.0  0.00301265       0.82207811  0.28366962  2.75015718  0.87570947  0.26537297
   23     N   5.0  0.01376552       0.82580829  0.28476378  2.74542147  0.87522724  0.25501370
   24     N   5.0  0.01317595       0.82573724  0.28494993  2.74619234  0.87509906  0.25484548
   25     N   5.0  0.00484496       0.82241201  0.28369272  2.74928319  0.87553641  0.26423071
   26     N   5.0  0.00538811       0.82221788  0.28393048  2.74938595  0.87548849  0.26358908
   27     N   5.0  0.01153780       0.82533944  0.28480878  2.74585283  0.87548462  0.25697653
   28     N   5.0  0.01162377       0.82398778  0.28437489  2.74727565  0.87471074  0.25802716
   29     N   5.0  0.01075877       0.82395583  0.28450850  2.74645358  0.87555560  0.25876771
   30     N   5.0  0.00958784       0.82348746  0.28411761  2.74809724  0.87483597  0.25987388
   31     N   5.0  0.01164274       0.82388866  0.28433415  2.74730760  0.87469372  0.25813313
   32     N   5.0  0.01148266       0.82532400  0.28480625  2.74588889  0.87547243  0.25702577
   33     N   5.0  0.00521045       0.82225734  0.28394356  2.74949998  0.87547213  0.26361654
   34     N   5.0  0.00483808       0.82239085  0.28367376  2.74922830  0.87556016  0.26430884
   35     N   5.0  0.01311534       0.82577646  0.28495216  2.74617869  0.87510785  0.25486950
   36     N   5.0  0.01373354       0.82585353  0.28478712  2.74538332  0.87525207  0.25499042
   37     N   5.0  0.00302190       0.82212269  0.28369379  2.75009745  0.87574744  0.26531672
   38     N   5.0  0.00345911       0.82171965  0.28365859  2.75017107  0.87571239  0.26527919
   39     N   5.0  0.01301378       0.82588732  0.28493667  2.74545592  0.87552419  0.25518212
   40     N   5.0  0.01322337       0.82458442  0.28466034  2.74703187  0.87470719  0.25579280
   41     N   5.0  0.00629248       0.82288456  0.28377840  2.74892932  0.87534603  0.26276920
   42     N   5.0  0.00712864       0.82318103  0.28430638  2.74808210  0.87580827  0.26149358
   43     C   4.0 -0.00953444       0.63069731  0.26585180  1.94186813  0.66316284  0.50795437
   44     C   4.0 -0.00954665       0.63070011  0.26585141  1.94187891  0.66316545  0.50795077
   45     C   4.0 -0.07081708       0.62401479  0.23013353  1.82595724  0.63271120  0.75800031
   46     C   4.0 -0.07245784       0.63084096  0.27963188  1.97244775  0.71879433  0.47074292
   47     C   4.0 -0.01038246       0.63065183  0.26593685  1.94207543  0.66338313  0.50833522
   48     C   4.0 -0.01082110       0.63066262  0.26581952  1.94282615  0.66315709  0.50835572
   49     C   4.0 -0.09124282       0.62329817  0.23030688  1.84427571  0.63380189  0.75956017
   50     C   4.0 -0.07294154       0.63090557  0.27955320  1.97341007  0.71874700  0.47032569
   51     C   4.0 -0.01035180       0.63048917  0.26589307  1.94185609  0.66365285  0.50846061
   52     C   4.0 -0.01065843       0.63061619  0.26578033  1.94262123  0.66338545  0.50825523
   53     C   4.0 -0.06173991       0.62362611  0.22991818  1.81748497  0.63213718  0.75857347
   54     C   4.0 -0.07317647       0.63083762  0.27954522  1.97334558  0.71879946  0.47064860
   55     C   4.0 -0.01076183       0.63048768  0.26588106  1.94202447  0.66376607  0.50860254
   56     C   4.0 -0.01085971       0.63049901  0.26581255  1.94240999  0.66358550  0.50855267
   57     C   4.0 -0.09633119       0.62360364  0.23063338  1.84815556  0.63437027  0.75956835
   58     C   4.0 -0.01085120       0.63050425  0.26581559  1.94239837  0.66359416  0.50853884
   59     C   4.0 -0.01074462       0.63049603  0.26588538  1.94201165  0.66377655  0.50857501
   60     C   4.0 -0.07241439       0.63079649  0.27945921  1.97377962  0.71815012  0.47022895
   61     C   4.0 -0.07574491       0.62358755  0.23012254  1.83076602  0.63244314  0.75882566
   62     C   4.0 -0.01062769       0.63061470  0.26578066  1.94259995  0.66338910  0.50824328
   63     C   4.0 -0.01031453       0.63049847  0.26589361  1.94184113  0.66365825  0.50842308
   64     C   4.0 -0.07223910       0.63090187  0.27967316  1.97222978  0.71876517  0.47066912
   65     C   4.0 -0.08609282       0.62415403  0.23072422  1.83894664  0.63354082  0.75872711
   66     C   4.0 -0.01084436       0.63066304  0.26581785  1.94284916  0.66315624  0.50835808
   67     C   4.0 -0.01037249       0.63065666  0.26593760  1.94207430  0.66338052  0.50832342
   68     C   4.0 -0.07288483       0.63076985  0.27943140  1.97380143  0.71834138  0.47054077
   69     C   4.0 -0.06295663       0.62365836  0.23014696  1.81885868  0.63211705  0.75817558
   70     C   4.0 -0.07225798       0.63090932  0.27967712  1.97222561  0.71877319  0.47067274
   71     C   4.0 -0.07551280       0.62360752  0.23013100  1.83055198  0.63243699  0.75878531
   72     C   4.0 -0.07306361       0.63077027  0.27952114  1.97316253  0.71873759  0.47087209
   73     C   4.0 -0.08623607       0.62414962  0.23071122  1.83906668  0.63353024  0.75877830
   74     C   4.0 -0.07286736       0.63077366  0.27943525  1.97381890  0.71833551  0.47050405
   75     C   4.0 -0.07243270       0.63079566  0.27945691  1.97377092  0.71815895  0.47025027
   76     C   4.0 -0.07100635       0.62399340  0.23011529  1.82615441  0.63270770  0.75803555
   77     C   4.0 -0.06279803       0.62365556  0.23014724  1.81870264  0.63210998  0.75818261
   78     C   4.0 -0.07297117       0.63079184  0.27953634  1.97308439  0.71876322  0.47079538
   79     C   4.0 -0.07251579       0.63083375  0.27962747  1.97249454  0.71878064  0.47077939
   80     C   4.0 -0.09141092       0.62331080  0.23031336  1.84440583  0.63381973  0.75956120
   81     C   4.0 -0.09622964       0.62361807  0.23065175  1.84805083  0.63439609  0.75951289
   82     C   4.0 -0.07318214       0.63086039  0.27955675  1.97331160  0.71883166  0.47062174
   83     C   4.0 -0.07296661       0.63092262  0.27956355  1.97338021  0.71877170  0.47032854
   84     C   4.0 -0.06174152       0.62363797  0.22991946  1.81747937  0.63214520  0.75855952
   85     H   1.0  0.10100311       0.65295297  0.13615084  0.10989308
   86     H   1.0  0.10668248       0.64921868  0.13359198  0.11050686
   87     H   1.0  0.10671443       0.64923453  0.13348641  0.11056463
   88     H   1.0  0.10196271       0.65704209  0.13131425  0.10968096
   89     H   1.0  0.10202042       0.65701544  0.13131095  0.10965318
   90     H   1.0  0.10207842       0.65702182  0.13128024  0.10961952
   91     H   1.0  0.10192540       0.65710258  0.13130650  0.10966552
   92     H   1.0  0.10675286       0.64916855  0.13363917  0.11043942
   93     H   1.0  0.10681092       0.64923042  0.13351537  0.11044329
   94     H   1.0  0.10226457       0.65691113  0.13126446  0.10955983
   95     H   1.0  0.10224462       0.65687895  0.13131762  0.10955882
   96     H   1.0  0.10666164       0.64930177  0.13343087  0.11060573
   97     H   1.0  0.10667201       0.64931703  0.13347569  0.11053528
   98     H   1.0  0.10680707       0.64922798  0.13352071  0.11044425
   99     H   1.0  0.10698169       0.64919990  0.13348918  0.11032923
  100     H   1.0  0.10215626       0.65698558  0.13123079  0.10962738
  101     H   1.0  0.10205163       0.65703332  0.13129081  0.10962424
  102     H   1.0  0.10114011       0.65285420  0.13611135  0.10989434
  103     H   1.0  0.10231202       0.65688932  0.13124064  0.10955802
  104     H   1.0  0.10100596       0.65293992  0.13620839  0.10984574
  105     H   1.0  0.10670096       0.64930642  0.13345857  0.11053405
  106     H   1.0  0.10106913       0.65282595  0.13613294  0.10997198
  107     H   1.0  0.10209849       0.65701699  0.13124239  0.10964212
  108     H   1.0  0.10093500       0.65295815  0.13621482  0.10989202
  109     H   1.0  0.10696041       0.64920211  0.13350077  0.11033671
  110     H   1.0  0.10097099       0.65288389  0.13612978  0.11001534
  111     H   1.0  0.10224583       0.65687531  0.13131741  0.10956145
  112     H   1.0  0.10091946       0.65293330  0.13616288  0.10998436
  113     H   1.0  0.10664619       0.64931458  0.13342977  0.11060946
  114     H   1.0  0.10091138       0.65293831  0.13616264  0.10998767
  115     H   1.0  0.10670182       0.64921576  0.13358687  0.11049555
  116     H   1.0  0.10096974       0.65288717  0.13612530  0.11001780
  117     H   1.0  0.10204719       0.65700614  0.13130523  0.10964144
  118     H   1.0  0.10092837       0.65296400  0.13621333  0.10989431
  119     H   1.0  0.10191684       0.65706354  0.13132507  0.10969455
  120     H   1.0  0.10107377       0.65282232  0.13613068  0.10997324
  121     H   1.0  0.10670445       0.64923090  0.13349538  0.11056928
  122     H   1.0  0.10101446       0.65293801  0.13620190  0.10984563
  123     H   1.0  0.10676993       0.64916277  0.13363306  0.11043424
  124     H   1.0  0.10113076       0.65285248  0.13612109  0.10989567
  125     H   1.0  0.10194610       0.65709823  0.13129145  0.10966422
  126     H   1.0  0.10098711       0.65295404  0.13616382  0.10989504
  127     C   4.0 -0.09341768       0.62417078  0.26305681  2.08064729  0.71749704  0.40804576
  128     C   4.0 -0.09522706       0.62395728  0.26288465  2.08182633  0.71768600  0.40887281
  129     C   4.0 -0.09341651       0.62417424  0.26305708  2.08064216  0.71749438  0.40804864
  130     C   4.0 -0.09259483       0.62436193  0.26308504  2.08025175  0.71706352  0.40783259
  131     C   4.0 -0.09257826       0.62435663  0.26308405  2.08025759  0.71706082  0.40781917
  132     C   4.0 -0.09522408       0.62395179  0.26288170  2.08183664  0.71768235  0.40887161
  133     C   4.0  0.00104209       0.63539821  0.25297326  1.96093792  0.68171002  0.46793851
  134     C   4.0  0.00101847       0.63539052  0.25296426  1.96097296  0.68169907  0.46795472
  135     C   4.0 -0.12081339       0.62780315  0.27502462  2.11622298  0.76611710  0.33564555
  136     C   4.0 -0.11988179       0.62756896  0.27444059  2.11897832  0.76129016  0.33760376
  137     C   4.0 -0.12070872       0.62766886  0.27488953  2.11692190  0.76477118  0.33645725
  138     C   4.0 -0.12071051       0.62767035  0.27489147  2.11692959  0.76478101  0.33643809
  139     C   4.0 -0.11991581       0.62757933  0.27444395  2.11894566  0.76131599  0.33763088
  140     C   4.0 -0.12082152       0.62781918  0.27502468  2.11622298  0.76610646  0.33564822
  141     C   4.0 -0.11188401       0.64972878  0.29898497  2.09691632  0.79937232  0.26688162
  142     C   4.0 -0.11195558       0.64982349  0.29898864  2.09747559  0.79823866  0.26742920
  143     C   4.0 -0.11195840       0.64982939  0.29899812  2.09744722  0.79823712  0.26744657
  144     C   4.0 -0.11182177       0.64974409  0.29899856  2.09690458  0.79932241  0.26685212
  145     C   4.0 -0.11518332       0.64967024  0.29891473  2.09824592  0.80118708  0.26716535
  146     C   4.0 -0.11519270       0.64966458  0.29890716  2.09828323  0.80117753  0.26716020
  147     N   5.0  0.32277558       0.79294252  0.28127915  2.43067247  0.86148039  0.31084990
  148     N   5.0  0.32276977       0.79293668  0.28127393  2.43069887  0.86146203  0.31085872
  149     H   1.0  0.09092850       0.65121526  0.13949190  0.11836435
  150     H   1.0  0.09094377       0.65121120  0.13948771  0.11835732
  151     H   1.0  0.09072164       0.65189058  0.13898267  0.11840511
  152     H   1.0  0.09152445       0.65049106  0.13998711  0.11799738
  153     H   1.0  0.09151654       0.65049994  0.13998754  0.11799598
  154     H   1.0  0.09072941       0.65188587  0.13898544  0.11839928
  155     H   1.0  0.07987214       0.65520787  0.13950628  0.12541371
  156     H   1.0  0.08274346       0.65644544  0.13951093  0.12130017
  157     H   1.0  0.07964725       0.65567064  0.13909601  0.12558610
  158     H   1.0  0.08121625       0.65612769  0.13973519  0.12292087
  159     H   1.0  0.08203897       0.65544719  0.14099079  0.12152305
  160     H   1.0  0.08082312       0.65627193  0.13743025  0.12547469
  161     H   1.0  0.07966691       0.65568739  0.13907924  0.12556645
  162     H   1.0  0.08122928       0.65613288  0.13972607  0.12291177
  163     H   1.0  0.07988598       0.65520835  0.13951807  0.12538760
  164     H   1.0  0.08274396       0.65644723  0.13950092  0.12130789
  165     H   1.0  0.08205606       0.65544993  0.14098616  0.12150786
  166     H   1.0  0.08088147       0.65627521  0.13742462  0.12541870
  167     H   1.0  0.08105569       0.66042542  0.13238597  0.12613292
  168     H   1.0  0.08868135       0.65922779  0.13012740  0.12196346
  169     H   1.0  0.08385466       0.66049314  0.13363725  0.12201496
  170     H   1.0  0.08977150       0.65872198  0.13092199  0.12058453
  171     H   1.0  0.07994802       0.66089427  0.13227724  0.12688047
  172     H   1.0  0.08806589       0.65936029  0.13096644  0.12160739
  173     H   1.0  0.07987581       0.66090029  0.13230276  0.12692113
  174     H   1.0  0.08803455       0.65935451  0.13100074  0.12161020
  175     H   1.0  0.08105033       0.66042745  0.13234006  0.12618216
  176     H   1.0  0.08869520       0.65922970  0.13011953  0.12195557
  177     H   1.0  0.08387591       0.66047776  0.13362065  0.12202569
  178     H   1.0  0.08983737       0.65870357  0.13089494  0.12056412
  179     H   1.0  0.09640800       0.66173303  0.12366113  0.11819784
  180     H   1.0  0.09658666       0.66167217  0.12357832  0.11816285
  181     H   1.0  0.09657243       0.66167325  0.12358124  0.11817309
  182     H   1.0  0.09641630       0.66174614  0.12364797  0.11818958
  183     H   1.0  0.09665929       0.66174561  0.12347768  0.11811743
  184     H   1.0  0.09667135       0.66174698  0.12347224  0.11810944
 CT cal   435.803803282324        124.194470603019     
 largest Wiberg (=(PS)*(SP)) bond orders for each atom
           total WBO             WBO to atom > 0.05 ...
     1  O    1.79891856    C   61  1.65997746
     2  O    1.81174739    C   65  1.65715721
     3  O    1.79715679    C   69  1.66645747
     4  O    1.81516878    C   57  1.65154162
     5  O    1.78748397    C   53  1.66360191
     6  O    1.80451666    C   49  1.65236654
     7  O    1.79223053    C   45  1.66008408
     8  O    1.79905686    C   71  1.66018360
     9  O    1.79214241    C   76  1.65995202
    10  O    1.80461122    C   80  1.65228162
    11  O    1.78740080    C   84  1.66354832
    12  O    1.81515281    C   81  1.65155234
    13  O    1.79712872    C   77  1.66651640
    14  O    1.81191787    C   73  1.65718155
    15  N    3.17975803    C   61  1.16199631    C   43  1.01324390    C   60  1.01273520
    16  N    3.17769800    C   61  1.16330153    C   44  1.01257547    C   64  1.00958737
    17  N    3.18217105    C   65  1.15999575    C   47  1.01421832    C   64  1.01274833
    18  N    3.18671558    C   65  1.16003654    C   48  1.01566805    C   68  1.01518136
    19  N    3.16829158    C   69  1.16436222    C   51  1.01108056    C   68  1.00720350
    20  N    3.16514087    C   69  1.16362645    C   52  1.00997989    C   72  1.00429030
    21  N    3.19099520    C   57  1.15787373    C   72  1.01807970    C   55  1.01724643
    22  N    3.19034216    C   57  1.15731230    C   54  1.01813625    C   56  1.01700409
    23  N    3.16547241    C   53  1.16638131    C   58  1.00894015    C   54  1.00359697
    24  N    3.16341273    C   53  1.16486598    C   59  1.00858809    C   50  1.00434937
    25  N    3.18908615    C   49  1.15957974    C   50  1.01676262    C   62  1.01569830
    26  N    3.18702321    C   49  1.15956752    C   46  1.01601838    C   63  1.01513797
    27  N    3.17068352    C   45  1.16406563    C   66  1.01011896    C   46  1.00619399
    28  N    3.17485260    C   45  1.16470285    C   67  1.01117304    C   60  1.00931990
    29  N    3.17761332    C   71  1.16335278    C   43  1.01254403    C   70  1.00949157
    30  N    3.17941730    C   71  1.16187079    C   44  1.01321965    C   75  1.01261024
    31  N    3.17532054    C   76  1.16472940    C   47  1.01140568    C   75  1.00949829
    32  N    3.17075709    C   76  1.16406552    C   48  1.01008616    C   79  1.00625311
    33  N    3.18682738    C   80  1.15942053    C   79  1.01604104    C   51  1.01504760
    34  N    3.18944760    C   80  1.15964073    C   83  1.01680602    C   52  1.01579851
    35  N    3.16343084    C   84  1.16487507    C   55  1.00859351    C   83  1.00424570
    36  N    3.16529434    C   84  1.16631713    C   56  1.00881819    C   82  1.00355116
    37  N    3.19016143    C   81  1.15730444    C   82  1.01806761    C   58  1.01687752
    38  N    3.19084861    C   81  1.15782825    C   78  1.01798681    C   59  1.01722866
    39  N    3.16541603    C   77  1.16390519    C   62  1.01007048    C   78  1.00422070
    40  N    3.16776262    C   77  1.16422869    C   63  1.01093312    C   74  1.00709285
    41  N    3.18652037    C   73  1.15983452    C   66  1.01566379    C   74  1.01525019
    42  N    3.18269908    C   73  1.16011538    C   67  1.01441415    C   70  1.01285725
    43  C    3.93800194    N   15  1.01324390    N   29  1.01254403    C   44  1.01124703    H   85  0.86614687
    44  C    3.93800582    N   30  1.01321965    N   16  1.01257547    C   43  1.01124703    H  126  0.86615426
    45  C    4.06136127    O    7  1.66008408    N   28  1.16470285    N   27  1.16406563
    46  C    3.87551152    N   26  1.01601838    N   27  1.00619399    H  123  0.88567789    H  125  0.87819427
    47  C    3.93864510    N   17  1.01421832    C   48  1.01190978    N   31  1.01140568    H  124  0.86606665
    48  C    3.93917248    N   18  1.01566805    C   47  1.01190978    N   32  1.01008616    H  122  0.86648424
    49  C    4.07031408    O    6  1.65236654    N   25  1.15957974    N   26  1.15956752
    50  C    3.87461025    N   25  1.01676262    N   24  1.00434937    H  121  0.88579748    H  119  0.87826584
    51  C    3.93845407    N   33  1.01504760    C   52  1.01175418    N   19  1.01108056    H  120  0.86570215
    52  C    3.93859057    N   34  1.01579851    C   51  1.01175418    N   20  1.00997989    H  118  0.86630859
    53  C    4.05516675    O    5  1.66360191    N   23  1.16638131    N   24  1.16486598
    54  C    3.87522728    N   22  1.01813625    N   23  1.00359697    H  115  0.88571352    H  117  0.87827661
    55  C    3.93870316    N   21  1.01724643    C   56  1.01191730    N   35  1.00859351    H  116  0.86580749
    56  C    3.93888045    N   22  1.01700409    C   55  1.01191730    N   36  1.00881819    H  114  0.86603880
    57  C    4.07123304    O    4  1.65154162    N   21  1.15787373    N   22  1.15731230
    58  C    3.93884911    N   37  1.01687752    C   59  1.01191090    N   23  1.00894015    H  112  0.86603620
    59  C    3.93865033    N   38  1.01722866    C   58  1.01191090    N   24  1.00858809    H  110  0.86581178
    60  C    3.87473888    N   15  1.01273520    N   28  1.00931990    H  113  0.88590121    H  111  0.87796429
    61  C    4.06457452    O    1  1.65997746    N   16  1.16330153    N   15  1.16199631
    62  C    3.93854730    N   25  1.01569830    C   63  1.01175752    N   39  1.01007048    H  108  0.86629024
    63  C    3.93838950    N   26  1.01513797    C   62  1.01175752    N   40  1.01093312    H  106  0.86571321
    64  C    3.87550868    N   17  1.01274833    N   16  1.00958737    H  109  0.88559521    H  107  0.87814421
    65  C    4.06845553    O    2  1.65715721    N   18  1.16003654    N   17  1.15999575
    66  C    3.93918891    N   41  1.01566379    C   67  1.01192013    N   27  1.01011896    H  104  0.86649504
    67  C    3.93862360    N   42  1.01441415    C   66  1.01192013    N   28  1.01117304    H  102  0.86607120
    68  C    3.87509608    N   18  1.01518136    N   19  1.00720350    H  105  0.88579029    H  103  0.87802304
    69  C    4.05621168    O    3  1.66645747    N   19  1.16436222    N   20  1.16362645
    70  C    3.87554528    N   42  1.01285725    N   29  1.00949157    H   99  0.88558314    H  100  0.87812374
    71  C    4.06446251    O    8  1.66018360    N   29  1.16335278    N   30  1.16187079
    72  C    3.87553685    N   21  1.01807970    N   20  1.00429030    H   98  0.88563406    H  101  0.87828690
    73  C    4.06854021    O   14  1.65718155    N   42  1.16011538    N   41  1.15983452
    74  C    3.87500912    N   41  1.01525019    N   40  1.00709285    H   97  0.88580645    H   94  0.87804895
    75  C    3.87474839    N   30  1.01261024    N   31  1.00949829    H   96  0.88589968    H   95  0.87794975
    76  C    4.06145849    O    9  1.65995202    N   31  1.16472940    N   32  1.16406552
    77  C    4.05618445    O   13  1.66651640    N   40  1.16422869    N   39  1.16390519
    78  C    3.87540931    N   38  1.01798681    N   39  1.00422070    H   93  0.88562681    H   90  0.87828358
    79  C    3.87557531    N   33  1.01604104    N   32  1.00625311    H   92  0.88568833    H   91  0.87819738
    80  C    4.07035544    O   10  1.65228162    N   34  1.15964073    N   33  1.15942053
    81  C    4.07114509    O   12  1.65155234    N   38  1.15782825    N   37  1.15730444
    82  C    3.87516675    N   37  1.01806761    N   36  1.00355116    H   86  0.88572524    H   89  0.87828097
    83  C    3.87463042    N   34  1.01680602    N   35  1.00424570    H   87  0.88578756    H   88  0.87825377
    84  C    4.05513524    O   11  1.66354832    N   36  1.16631713    N   35  1.16487507
    85  H    0.85317461    C   43  0.86614687
    86  H    0.83329494    C   82  0.88572524
    87  H    0.83401660    C   83  0.88578756
    88  H    0.84494737    C   83  0.87825377
    89  H    0.84502004    C   82  0.87828097
    90  H    0.84491987    C   78  0.87828358
    91  H    0.84508243    C   79  0.87819738
    92  H    0.83337056    C   79  0.88568833
    93  H    0.83354262    C   78  0.88562681
    94  H    0.84467567    C   74  0.87804895
    95  H    0.84473047    C   75  0.87794975
    96  H    0.83399127    C   75  0.88589968
    97  H    0.83344786    C   74  0.88580645
    98  H    0.83353292    C   72  0.88563406
    99  H    0.83341863    C   70  0.88558314
   100  H    0.84511924    C   70  0.87812374
   101  H    0.84494104    C   72  0.87828690
   102  H    0.85268379    C   67  0.86607120
   103  H    0.84466269    C   68  0.87802304
   104  H    0.85299975    C   66  0.86649504
   105  H    0.83341307    C   68  0.88579029
   106  H    0.85254191    C   63  0.86571321
   107  H    0.84514781    C   64  0.87814421
   108  H    0.85284387    C   62  0.86629024
   109  H    0.83342135    C   64  0.88559521
   110  H    0.85241301    C   59  0.86581178
   111  H    0.84471838    C   60  0.87796429
   112  H    0.85260043    C   58  0.86603620
   113  H    0.83400614    C   60  0.88590121
   114  H    0.85259725    C   56  0.86603880
   115  H    0.83329422    C   54  0.88571352
   116  H    0.85241714    C   55  0.86580749
   117  H    0.84498209    C   54  0.87827661
   118  H    0.85283113    C   52  0.86630859
   119  H    0.84497251    C   50  0.87826584
   120  H    0.85254909    C   51  0.86570215
   121  H    0.83400720    C   50  0.88579748
   122  H    0.85299587    C   48  0.86648424
   123  H    0.83336510    C   46  0.88567789
   124  H    0.85268960    C   47  0.86606665
   125  H    0.84506503    C   46  0.87819427
   126  H    0.85318555    C   44  0.86615426
   127  C    3.86742269    C  137  1.01285891    C  132  1.00116649    C  130  0.99788670    H  149  0.85780766
   128  C    3.86776520    C  139  1.01394072    C  129  1.00117614    C  132  0.99767774    H  153  0.85657325
   129  C    3.86742204    C  138  1.01285019    C  128  1.00117614    C  131  0.99789603    H  150  0.85779788
   130  C    3.86788831    C  140  1.01242291    C  131  1.00145945    C  127  0.99788670    H  154  0.85899860
   131  C    3.86786961    C  135  1.01237525    C  130  1.00145945    C  129  0.99789603    H  151  0.85900333
   132  C    3.86775568    C  136  1.01393603    C  127  1.00116649    C  128  0.99767774    H  152  0.85656271
   133  C    3.91707781    C  136  1.02722532    C  138  1.02603630    C  140  1.02552166    N  147  0.80144101
   134  C    3.91713727    C  139  1.02724343    C  137  1.02604444    C  135  1.02554538    N  148  0.80144163
   135  C    3.77630896    C  134  1.02554538    C  131  1.01237525    H  159  0.87628229    H  162  0.87625505
   136  C    3.77995143    C  133  1.02722532    C  132  1.01393603    H  161  0.87925911    H  160  0.87827985
   137  C    3.77792438    C  134  1.02604444    C  127  1.01285891    H  155  0.87865321    H  164  0.87574406
   138  C    3.77788533    C  133  1.02603630    C  129  1.01285019    H  163  0.87864469    H  156  0.87574475
   139  C    3.77997686    C  134  1.02724343    C  128  1.01394072    H  157  0.87924764    H  166  0.87827445
   140  C    3.77630521    C  133  1.02552166    C  130  1.01242291    H  165  0.87630453    H  158  0.87627316
   141  C    3.60936961    N  148  0.92084870    H  179  0.90157177    H  167  0.90113767    H  174  0.89734766
   142  C    3.61080313    N  147  0.92195107    H  173  0.90191200    H  180  0.90159418    H  168  0.89678373
   143  C    3.61080792    N  148  0.92196424    H  171  0.90189345    H  181  0.90157497    H  176  0.89677371
   144  C    3.60934632    N  147  0.92083149    H  182  0.90159398    H  175  0.90115235    H  172  0.89735931
   145  C    3.60936546    N  148  0.92205105    H  183  0.90155039    H  169  0.89925964    H  178  0.89602373
   146  C    3.60937026    N  147  0.92206183    H  184  0.90156522    H  177  0.89926533    H  170  0.89605837
   147  N    3.57231028    C  146  0.92206183    C  142  0.92195107    C  144  0.92083149    C  133  0.80144101
   148  N    3.57232510    C  145  0.92205105    C  143  0.92196424    C  141  0.92084870    C  134  0.80144163
   149  H    0.84451022    C  127  0.85780766
   150  H    0.84450582    C  129  0.85779788
   151  H    0.84366186    C  131  0.85900333
   152  H    0.84511472    C  132  0.85656271
   153  H    0.84510791    C  128  0.85657325
   154  H    0.84365758    C  130  0.85899860
   155  H    0.82589784    C  137  0.87865321
   156  H    0.81554771    C  138  0.87574475
   157  H    0.82222760    C  139  0.87924764
   158  H    0.81690520    C  140  0.87627316
   159  H    0.82305294    C  135  0.87628229
   160  H    0.81656861    C  136  0.87827985
   161  H    0.82216621    C  136  0.87925911
   162  H    0.81684885    C  135  0.87625505
   163  H    0.82587362    C  138  0.87864469
   164  H    0.81552171    C  137  0.87574406
   165  H    0.82300678    C  140  0.87630453
   166  H    0.81655755    C  139  0.87827445
   167  H    0.82149885    C  141  0.90113767
   168  H    0.82442656    C  142  0.89678373
   169  H    0.82120049    C  145  0.89925964
   170  H    0.82568925    C  146  0.89605837
   171  H    0.82033107    C  143  0.90189345
   172  H    0.82429670    C  144  0.89735931
   173  H    0.82029912    C  142  0.90191200
   174  H    0.82423884    C  141  0.89734766
   175  H    0.82154087    C  144  0.90115235
   176  H    0.82441520    C  143  0.89677371
   177  H    0.82120784    C  146  0.89926533
   178  H    0.82575657    C  145  0.89602373
   179  H    0.84464907    C  141  0.90157177
   180  H    0.84461522    C  142  0.90159418
   181  H    0.84464655    C  143  0.90157497
   182  H    0.84460365    C  144  0.90159398
   183  H    0.84491399    C  145  0.90155039
   184  H    0.84489394    C  146  0.90156522
dipole moment  X         Y          Z
       -0.269501       -0.011472        0.005977  total     (au/Debye)      :     0.2698     0.6858
second moment  X^2       Y^2        Z^2
      320.866930      320.512401      518.031791  average   (au)            :   386.4704
cpu  time for all    2 m 43.4 s
wall time for all    0 m  5.0 s
