 
       ==============================================
       |                 P T B                      |
       |                S.Grimme                    |
       |          Universitaet Bonn, MCTC           |
       ==============================================
       Version 3.7, Do 28. Apr 14:28:45 CEST 2022
 
       Cite work conducted with this code as
       S. Grimme, M. Mueller, A. Hansen, unpublished.
 
 filter  1.000000000000000E-006
 ../../../../.atompara                                                                                                                                                                                                                                           
          =========================
          reading ... ../../../../systems/ADACAT.xyz
          =========================
 basis read done.
 ncao                    749
 nsao                    710
 npr                    1983
 basis setup done. Ndim                   710
 coreat                     38
 cncao                      56
 cnsao                      55
 cnpr                      336
 
 nalpha                    107
 nbeta                     107
 ntotal                    214
 nopen                       0
cpu  time for startup and initial S    0.12 s
wall time for startup and initial S    0.00 s
               -----------------------
               |      PTB  model      |
               | SG, MM, AH 2020-2022 |
               -----------------------
 prop :                     1
 PA setup with Mull-Loew partitioning   0.333333 ...
 done.
EEQ done. sum q :   -0.000
    atom   Zeff  qEEQ  mod   srCN   noHCN   CN(EEQ)
    1    5  3.0    -0.244   4.086   0.043   3.795
    2    5  3.0    -0.240   4.123   0.038   3.747
    3   47 19.0     0.424   5.284   0.326   2.620
    4   17  7.0     0.116   0.728   0.258   0.950
    5    6  4.0    -0.046   4.254   0.389   3.161
    6    7  5.0     0.090   3.709   0.515   3.174
    7    6  4.0    -0.112   3.569   0.355   3.172
    8    1  1.0     0.057   1.011   0.020   1.000
    9    6  4.0    -0.106   3.589   0.355   3.199
   10    1  1.0     0.057   1.015   0.020   1.000
   11    7  5.0     0.075   3.780   0.517   3.157
   12    6  4.0    -0.103   3.887   0.178   4.005
   13    1  1.0     0.041   0.929   0.014   1.000
   14    1  1.0     0.035   0.936   0.013   1.000
   15    1  1.0     0.059   0.962   0.013   1.000
   16    6  4.0    -0.103   4.093   0.174   4.012
   17    1  1.0     0.007   1.113   0.014   1.000
   18    1  1.0     0.034   0.937   0.013   1.000
   19    1  1.0     0.048   1.034   0.014   1.000
   20    6  4.0    -0.048   4.197   0.386   3.145
   21    7  5.0     0.085   3.678   0.512   3.157
   22    6  4.0    -0.111   3.559   0.350   3.176
   23    1  1.0     0.057   1.010   0.020   1.000
   24    6  4.0    -0.110   3.557   0.341   3.166
   25    1  1.0     0.058   1.005   0.020   1.000
   26    7  5.0     0.078   3.761   0.501   3.160
   27    6  4.0    -0.102   3.870   0.172   4.003
   28    1  1.0     0.050   0.935   0.014   1.000
   29    1  1.0     0.034   0.934   0.013   1.000
   30    1  1.0     0.052   0.931   0.014   1.000
   31    6  4.0    -0.101   4.057   0.164   4.002
   32    1  1.0     0.012   1.189   0.014   1.009
   33    1  1.0     0.030   0.928   0.013   1.000
   34    1  1.0     0.055   0.950   0.014   1.000
   35    6  4.0    -0.005   4.111   0.203   3.002
   36    6  4.0    -0.039   3.957   0.267   3.023
   37    6  4.0    -0.049   3.738   0.285   3.018
   38    6  4.0    -0.083   3.660   0.258   3.039
   39    1  1.0     0.063   1.082   0.020   1.000
   40    6  4.0    -0.050   3.723   0.287   3.017
   41    6  4.0    -0.049   3.969   0.267   3.024
   42    6  4.0    -0.078   4.028   0.101   4.000
   43    1  1.0     0.049   0.946   0.013   1.000
   44    1  1.0     0.067   0.970   0.013   1.000
   45    1  1.0     0.039   0.939   0.013   1.000
   46    6  4.0    -0.082   3.779   0.101   4.000
   47    1  1.0     0.040   0.940   0.014   1.000
   48    1  1.0     0.038   0.945   0.013   1.000
   49    1  1.0     0.040   0.936   0.014   1.000
   50    6  4.0    -0.082   3.767   0.097   3.998
   51    1  1.0     0.034   0.934   0.014   1.000
   52    1  1.0     0.037   0.941   0.013   1.000
   53    1  1.0     0.038   0.933   0.013   1.000
   54    6  4.0    -0.081   4.126   0.100   4.003
   55    1  1.0     0.039   0.945   0.013   1.000
   56    1  1.0     0.038   1.073   0.014   1.000
   57    1  1.0     0.013   1.027   0.013   1.000
   58    6  4.0    -0.007   4.107   0.210   3.003
   59    6  4.0    -0.051   3.998   0.267   3.028
   60    6  4.0    -0.051   3.747   0.289   3.019
   61    6  4.0    -0.082   3.671   0.264   3.041
   62    1  1.0     0.063   1.085   0.020   1.000
   63    6  4.0    -0.048   3.745   0.288   3.021
   64    6  4.0    -0.037   3.956   0.271   3.027
   65    6  4.0    -0.082   4.115   0.103   4.003
   66    1  1.0     0.015   1.004   0.014   1.000
   67    1  1.0     0.039   0.945   0.013   1.000
   68    1  1.0     0.037   1.074   0.013   1.000
   69    6  4.0    -0.082   3.783   0.102   4.000
   70    1  1.0     0.033   0.940   0.014   1.000
   71    1  1.0     0.036   0.946   0.013   1.000
   72    1  1.0     0.038   0.937   0.014   1.000
   73    6  4.0    -0.082   3.781   0.100   3.999
   74    1  1.0     0.038   0.943   0.013   1.000
   75    1  1.0     0.041   0.941   0.013   1.000
   76    1  1.0     0.040   0.935   0.014   1.000
   77    6  4.0    -0.077   4.028   0.100   4.000
   78    1  1.0     0.048   0.947   0.014   1.000
   79    1  1.0     0.066   0.966   0.014   1.000
   80    1  1.0     0.039   0.939   0.014   1.000
 computing Vecp ...
 WARNING: RUNNING ONLY THE FIRST ITERATION!!!
 PTB H matrix iteration                      1  done. Now solving ...

Total solve2                                   0.064219952 sec
* sygvd solver                                 0.059285879 sec

nel: 214, nel_calc:       214.00000000
 nel in P=   214.000000000000      required nel=                   214
 idempotency deviation  8.961885053504481E-014  9.999999974752427E-007
 Stupid simple implementation of the submatrix method:                     4                     2
 kmeans                    17   228299481.731214       2.501010894775391E-004
 kmeans                    28   375912106.641768       2.679824829101562E-004
 kmeans                    60   804894695.113029       2.820491790771484E-004
 kmeans                    38   510092072.099151       3.819465637207031E-004
 kmeans                    30   402728981.715227       3.960132598876953E-004
 kmeans                    36   483369091.120791       4.010200500488281E-004
 kmeans                    43   577253074.120349       5.509853363037109E-004
 kmeans                    26   349094732.733820       4.861354827880859E-004
 kmeans                    32   429734642.506929       5.090236663818359E-004
 kmeans                     2   26864320.9554978       5.350112915039062E-004
 kmeans                    51   684709858.966918       5.340576171875000E-004
 kmeans                    10   134321604.777489       7.390975952148438E-004
 kmeans                    50   671372091.418757       5.400180816650391E-004
 kmeans                     7   94025123.3442424       5.490779876708984E-004
 kmeans                    55   737639799.278599       4.220008850097656E-004
 kmeans                    22   295319143.775274       8.380413055419922E-004
 kmeans                    63   844813904.241383       5.669593811035156E-004
 kmeans                    23   308892444.597707       5.838871002197266E-004
 kmeans                    25   335756765.553205       9.129047393798828E-004
 kmeans                    12   161185925.732987       9.329319000244141E-004
 kmeans                     4   53728641.9109957       6.818771362304688E-004
 kmeans                    15   201482407.166234       6.878376007080078E-004
 kmeans                     9   120889444.299740       1.009941101074219E-003
 kmeans                    19   255211049.077230       1.026868820190430E-003
 kmeans                    58   778546495.724510       5.469322204589844E-004
 kmeans                    41   550435400.728499       7.400512695312500E-004
 kmeans                    18   241778888.599481       7.400512695312500E-004
 kmeans                    31   416349728.419699       7.278919219970703E-004
 kmeans                     3   40296481.4332468       7.820129394531250E-004
 kmeans                    59   791415687.580112       5.679130554199219E-004
 kmeans                    46   617360669.842972       1.313924789428711E-003
 kmeans                     6   80592962.8664935       7.469654083251953E-004
 kmeans                    48   644413377.533671       8.721351623535156E-004
 kmeans                    57   764833946.656951       1.373052597045898E-003
 kmeans                     1   13432160.4777489       6.341934204101562E-004
 kmeans                    39   523712519.460654       9.369850158691406E-004
 kmeans                    49   657094082.802624       6.430149078369141E-004
 kmeans                    35   469983877.549658       9.651184082031250E-004
 kmeans                    11   147753765.255238       7.078647613525391E-004
 kmeans                    29   389390914.683164       1.039028167724609E-003
 kmeans                    37   496706858.668952       1.035928726196289E-003
 kmeans                    13   174618086.210736       7.200241088867188E-004
 kmeans                    20   268643209.554978       1.042127609252930E-003
 kmeans                    16   214914567.643983       1.005887985229492E-003
 kmeans                    21   282075370.032727       1.010179519653320E-003
 kmeans                    40   536723051.152460       1.075029373168945E-003
 kmeans                     5   67160802.3887446       9.860992431640625E-004
 kmeans                    54   724349278.120956       1.137018203735352E-003
 kmeans                    27   362621086.508703       1.092910766601562E-003
 kmeans                    14   188050246.688485       1.114130020141602E-003
 kmeans                    56   751776168.574626       1.185178756713867E-003
 kmeans                    53   711338546.796696       1.196146011352539E-003
 kmeans                    42   563304891.927070       1.206159591674805E-003
 kmeans                    52   698283459.132319       1.224040985107422E-003
 kmeans                    62   831664922.622841       1.223087310791016E-003
 kmeans                    45   604022702.803290       1.250028610229492E-003
 kmeans                    33   443214049.375196       1.239061355590820E-003
 kmeans                     8   107457283.821991       8.349418640136719E-004
 kmeans                    44   590168813.688151       1.328945159912109E-003
 kmeans                    47   630840076.711239       1.358032226562500E-003
 kmeans                    34   456504770.165293       1.352071762084961E-003
 kmeans                    24   321714589.554312       8.909702301025391E-004
 kmeans                    64   858482196.820274       1.369953155517578E-003
 kmeans                    61   818185515.754574       1.472949981689453E-003
 number of submatrices=                     1
 average sm dim=                   710
 effort for full matrix ops=   13432160.4777489     
 sums of efforts for submatrices=   13432160.4777489     
 ratio   1.00000000000000     
 sm                     1                   710  4.544997215270996E-002
 muiter                     1 mu  0.000000000000000E+000   593.881524508094      of                   214
 muiter                     2 mu  -5.00000000000000       1.169663423367848E-233 of                   214
 muiter                     3 mu  -2.50000000000000        102.000581570682      of                   214
 muiter                     4 mu  -1.25000000000000        262.024488766336      of                   214
 muiter                     5 mu  -1.87500000000000        212.000283732905      of                   214
 muiter                     6 mu  -1.56250000000000        219.844432662423      of                   214
 muiter                     7 mu  -1.71875000000000        214.000000000000      of                   214
 iteration of chemical potential converged
 final iteration to get density matrix

Submatrix                                      0.062351942 sec
* alloc and filter                             0.002667189 sec
* submatrix combination                        0.002243042 sec
* submatrix stats                              0.000018120 sec
* mu iter                                      0.056466818 sec
* submatrix construction                       0.000946999 sec
* submatrix matrix function                    0.051250935 sec
* submatrix eigendecomp                        0.048354149 sec
* submatrix fe                                 0.002861023 sec
* submatrix occ                                0.000391006 sec
* submatrix Nel                                0.000022650 sec
* submatrix final iter                         0.002578020 sec
* submatrix dealloc                            0.000869036 sec
*                                              0.000000000 sec
*                                              0.000000000 sec
*                                              0.000000000 sec
*                                              0.000000000 sec
*                                              0.000000000 sec
*                                              0.000000000 sec
*                                              0.000000000 sec
*                                              0.000000000 sec

 first elements Pref  0.569331924241750       0.169201215978287       9.354229588750423E-002  3.970171081083321E-002  2.356385255504654E-002  0.269151802319483       2.474028076307978E-002 -1.495374184843379E-003  7.866029504498920E-003  0.320157385770838     
 first elements P     0.569331924241750       0.169201215978287       9.354229588750423E-002  3.970171081083321E-002  2.356385255504654E-002  0.269151802319483       2.474028076307978E-002 -1.495374184843379E-003  7.866029504498920E-003  0.320157385770838     
 Sparsity of Pref:
   dimension                                     710
   nonzero elements                           250496
   sparsity                     0.496917278317794     
   average elements per column                   352
 Sparsity of P:
   dimension                                     710
   nonzero elements                           250496
   sparsity                     0.496917278317794     
   average elements per column                   352
 maximal deviation in density matrix  0.000000000000000E+000                     1  0.569331924241750       0.569331924241750     
 MSE of density matrix  0.000000000000000E+000
 Inf-norm of density matrix  0.000000000000000E+000
 Tr(H Pref)=  -589.734149086737     
 Tr(H P)=  -589.734149086737     
 energy deviation abs(Tr(H P)-Tr(H Pref))=  0.000000000000000E+000
 energy deviation per atom abs(Tr(H P)-Tr(H Pref))/n=  0.000000000000000E+000
nel: 214, nel_calc:       214.00000000
 nel in P=   214.000000000000      required nel=                   214
 idempotency deviation  8.961885053504481E-014  9.999999974752427E-007
 D4 dispersion energy      :     -0.027746

     ------  PTB results ------
  # element  Z   pop.                shell populations
    1     B   3.0 -0.28045078       0.48185983  0.21076408  1.58125728  0.60769762  0.39887197
    2     B   3.0 -0.26427221       0.48303035  0.20923454  1.57539895  0.59644254  0.40016584
    3     Ag 19.0  0.48228428       1.39810181  0.52723831  0.36564529  5.69204617  0.65703127  7.70296037  2.17469251
    4     Cl  7.0 -0.68110972       1.33085525  0.58546895  4.12426591  1.57328713  0.06723249
    5     C   4.0  0.00791195       0.67006832  0.26802188  1.92796886  0.69569428  0.43033470
    6     N   5.0  0.16766833       0.78600729  0.27248064  2.60613614  0.85525450  0.31245310
    7     C   4.0 -0.02956925       0.63461947  0.26069927  2.10901356  0.67427631  0.35096063
    8     H   1.0  0.04412257       0.66696733  0.11929739  0.16961271
    9     C   4.0 -0.03033769       0.63350534  0.25986221  2.10677576  0.67488503  0.35530934
   10     H   1.0  0.04306802       0.66790426  0.11960101  0.16942671
   11     N   5.0  0.17269006       0.78412557  0.27250624  2.60272449  0.85726616  0.31068749
   12     C   4.0 -0.07872695       0.59486282  0.26536250  2.19104224  0.71947102  0.30798836
   13     H   1.0  0.06538699       0.67958373  0.11024112  0.14478816
   14     H   1.0  0.07845160       0.67739183  0.10455866  0.13959791
   15     H   1.0  0.06508495       0.67767084  0.10934362  0.14790060
   16     C   4.0 -0.07747852       0.59442478  0.26593277  2.17164725  0.73543058  0.31004314
   17     H   1.0  0.03955399       0.68232143  0.12430234  0.15382224
   18     H   1.0  0.08144656       0.67416185  0.10646314  0.13792844
   19     H   1.0  0.05291067       0.68151677  0.11787409  0.14769848
   20     C   4.0 -0.00001211       0.67251092  0.26999870  1.92688257  0.70216812  0.42845181
   21     N   5.0  0.16500702       0.78767663  0.27305445  2.60605180  0.85805619  0.31015391
   22     C   4.0 -0.03395243       0.63533843  0.26161647  2.10467380  0.67761971  0.35470402
   23     H   1.0  0.04195365       0.66844457  0.11953083  0.17007095
   24     C   4.0 -0.02294604       0.63668758  0.26301467  2.10209870  0.67826051  0.34288458
   25     H   1.0  0.04053031       0.66700554  0.12042618  0.17203797
   26     N   5.0  0.16867777       0.78887796  0.27531585  2.59858072  0.86178589  0.30676181
   27     C   4.0 -0.07647442       0.59710592  0.26719785  2.18532205  0.72305036  0.30379825
   28     H   1.0  0.06644901       0.68068695  0.10915802  0.14370601
   29     H   1.0  0.07746641       0.67759496  0.10520539  0.13973324
   30     H   1.0  0.06807391       0.67927498  0.10830393  0.14434718
   31     C   4.0 -0.06457606       0.59751928  0.26669130  2.16752422  0.73019446  0.30264680
   32     H   1.0  0.02017003       0.67967486  0.13112269  0.16903242
   33     H   1.0  0.07611429       0.67849374  0.10568457  0.13970740
   34     H   1.0  0.06216400       0.68076366  0.11161340  0.14545894
   35     C   4.0 -0.07691388       0.66321689  0.27363193  1.99851751  0.78099674  0.36055081
   36     C   4.0 -0.04137003       0.64648962  0.25550550  2.03404611  0.71136378  0.39396502
   37     C   4.0 -0.03982437       0.64439410  0.25510511  2.03633070  0.70588262  0.39811184
   38     C   4.0 -0.08033331       0.63153672  0.25919136  2.12347591  0.72516367  0.34096565
   39     H   1.0  0.03382198       0.67733020  0.11930177  0.16954605
   40     C   4.0 -0.04281474       0.64582574  0.25536746  2.03553092  0.70790665  0.39818397
   41     C   4.0 -0.05011593       0.65022594  0.25565287  2.03071117  0.71838263  0.39514332
   42     C   4.0 -0.15724731       0.58856583  0.26420876  2.26153564  0.76106389  0.28187319
   43     H   1.0  0.05595639       0.67549223  0.11467455  0.15387683
   44     H   1.0  0.04821822       0.67662245  0.11877394  0.15638539
   45     H   1.0  0.06216748       0.67511660  0.11007737  0.15263856
   46     C   4.0 -0.15324728       0.59486610  0.27052122  2.25057697  0.76134554  0.27593745
   47     H   1.0  0.06514232       0.67675650  0.10563420  0.15246698
   48     H   1.0  0.06652539       0.67866957  0.10609254  0.14871250
   49     H   1.0  0.06432983       0.67530876  0.10731510  0.15304631
   50     C   4.0 -0.15238469       0.59698898  0.27230763  2.24708915  0.76337643  0.27262250
   51     H   1.0  0.06349452       0.67697597  0.10603847  0.15349104
   52     H   1.0  0.06681858       0.67876929  0.10598103  0.14843110
   53     H   1.0  0.06439693       0.67744273  0.10538001  0.15278034
   54     C   4.0 -0.16904179       0.59282351  0.26759282  2.24798214  0.77458166  0.28606167
   55     H   1.0  0.06740706       0.67613792  0.10642474  0.15003027
   56     H   1.0  0.04221306       0.67987341  0.11898622  0.15892731
   57     H   1.0  0.04460903       0.67646629  0.12178793  0.15713675
   58     C   4.0 -0.08219296       0.66190946  0.27354512  2.00030774  0.78309163  0.36333901
   59     C   4.0 -0.05061875       0.64940250  0.25513980  2.03150672  0.71827948  0.39629025
   60     C   4.0 -0.04354653       0.64490741  0.25438425  2.03821355  0.70547606  0.40056526
   61     C   4.0 -0.08445414       0.63062000  0.25810018  2.12689036  0.72296470  0.34587889
   62     H   1.0  0.03581582       0.67667425  0.11904359  0.16846635
   63     C   4.0 -0.03988863       0.64492291  0.25446084  2.03719366  0.70460811  0.39870311
   64     C   4.0 -0.04313560       0.64661592  0.25445601  2.03430343  0.71108516  0.39667508
   65     C   4.0 -0.17198996       0.59101599  0.26700071  2.25296885  0.77284533  0.28815909
   66     H   1.0  0.04816866       0.67694283  0.11932053  0.15556799
   67     H   1.0  0.06804789       0.67391860  0.10745673  0.15057678
   68     H   1.0  0.04176298       0.67885846  0.12044975  0.15892881
   69     C   4.0 -0.15338457       0.59499580  0.27113014  2.25010198  0.76058167  0.27657497
   70     H   1.0  0.06427684       0.67723614  0.10600249  0.15248453
   71     H   1.0  0.06753274       0.67823070  0.10589433  0.14834223
   72     H   1.0  0.06645247       0.67570329  0.10515770  0.15268655
   73     C   4.0 -0.15118703       0.59494048  0.27063629  2.24953407  0.76103514  0.27504104
   74     H   1.0  0.06707960       0.67806232  0.10639029  0.14846779
   75     H   1.0  0.06354862       0.67701030  0.10760955  0.15183153
   76     H   1.0  0.06517905       0.67579097  0.10515978  0.15387020
   77     C   4.0 -0.15865264       0.58801383  0.26385298  2.26347709  0.76106191  0.28224684
   78     H   1.0  0.05364839       0.67656058  0.11540191  0.15438912
   79     H   1.0  0.04561167       0.67793179  0.12024734  0.15620920
   80     H   1.0  0.06285994       0.67474109  0.10988116  0.15251781
 largest Wiberg (=(PS)*(SP)) bond orders for each atom
           total WBO             WBO to atom > 0.05 ...
     1  B    3.15482232    B    2  1.13318867    C   20  1.01827911    C   58  0.93560325    Ag   3  0.40834045
     2  B    3.13807950    B    1  1.13318867    C    5  1.01306005    C   35  0.94838703    Ag   3  0.37980512
     3  Ag   1.93906949    Cl   4  0.58629365    B    1  0.40834045    B    2  0.37980512    C   20  0.06614235    C    5  0.06201751    C   58  0.06166972    C   16  0.05491311    C   35  0.05088721
     4  Cl   0.59485287    Ag   3  0.58629365
     5  C    3.77882875    N   11  1.27858515    N    6  1.25477550    B    2  1.01306005    Ag   3  0.06201751
     6  N    3.44757527    C    5  1.25477550    C    7  1.20079623    C   12  1.00282776
     7  C    3.81858072    C    9  1.64509683    N    6  1.20079623    H    8  0.93270186
     8  H    0.92393151    C    7  0.93270186
     9  C    3.82095391    C    7  1.64509683    N   11  1.20265722    H   10  0.93211902
    10  H    0.92064597    C    9  0.93211902
    11  N    3.45334427    C    5  1.27858515    C    9  1.20265722    C   16  0.99574426
    12  C    3.78715637    N    6  1.00282776    H   15  0.93338778    H   14  0.93043371    H   13  0.92204623
    13  H    0.82049200    C   12  0.92204623
    14  H    0.82660445    C   12  0.93043371
    15  H    0.81820621    C   12  0.93338778
    16  C    3.80104379    N   11  0.99574426    H   19  0.92644716    H   17  0.92196083    H   18  0.91746384    Ag   3  0.05491311
    17  H    0.83505790    C   16  0.92196083
    18  H    0.81653364    C   16  0.91746384
    19  H    0.81175709    C   16  0.92644716
    20  C    3.77479092    N   26  1.27730533    N   21  1.24605698    B    1  1.01827911    Ag   3  0.06614235
    21  N    3.44715225    C   20  1.24605698    C   22  1.21868919    C   27  0.99115793
    22  C    3.82606696    C   24  1.63077707    N   21  1.21868919    H   23  0.93346539
    23  H    0.92412635    C   22  0.93346539
    24  C    3.80662178    C   22  1.63077707    N   26  1.19805990    H   25  0.93203276
    25  H    0.92686622    C   24  0.93203276
    26  N    3.43941502    C   20  1.27730533    C   24  1.19805990    C   31  0.98644366
    27  C    3.78291689    N   21  0.99115793    H   29  0.93129067    H   28  0.92980945    H   30  0.92711353
    28  H    0.81405399    C   27  0.92980945
    29  H    0.82724949    C   27  0.93129067
    30  H    0.82573079    C   27  0.92711353
    31  C    3.78719477    N   26  0.98644366    H   32  0.92666358    H   34  0.92301426    H   33  0.92210019
    32  H    0.85598061    C   31  0.92666358
    33  H    0.82307119    C   31  0.92210019
    34  H    0.81021076    C   31  0.92301426
    35  C    3.84411632    C   36  1.32757287    C   41  1.30874736    B    2  0.94838703    Ag   3  0.05088721
    36  C    3.85046194    C   37  1.35985840    C   35  1.32757287    C   42  1.04363844
    37  C    3.85434496    C   38  1.39668845    C   36  1.35985840    C   46  1.01284837
    38  C    3.89906999    C   37  1.39668845    C   40  1.39239809    H   39  0.93724625
    39  H    0.90060541    C   38  0.93724625
    40  C    3.85765397    C   38  1.39239809    C   41  1.37173807    C   50  1.00351527
    41  C    3.85396131    C   40  1.37173807    C   35  1.30874736    C   54  1.02731797
    42  C    3.84275308    C   36  1.04363844    H   44  0.94154905    H   43  0.93029166    H   45  0.92612746
    43  H    0.83575326    C   42  0.93029166
    44  H    0.81991426    C   42  0.94154905
    45  H    0.83526088    C   42  0.92612746
    46  C    3.83628777    C   37  1.01284837    H   48  0.93371358    H   47  0.92199243    H   49  0.91500498
    47  H    0.83386594    C   46  0.92199243
    48  H    0.83539985    C   46  0.93371358
    49  H    0.83563575    C   46  0.91500498
    50  C    3.82959224    C   40  1.00351527    H   52  0.93303033    H   53  0.92126774    H   51  0.91843775
    51  H    0.83859853    C   50  0.91843775
    52  H    0.83453083    C   50  0.93303033
    53  H    0.83367970    C   50  0.92126774
    54  C    3.85420209    C   41  1.02731797    H   56  0.93334555    H   55  0.92134762    H   57  0.91404017
    55  H    0.82732068    C   54  0.92134762
    56  H    0.82968125    C   54  0.93334555
    57  H    0.83768852    C   54  0.91404017
    58  C    3.84718857    C   64  1.33199432    C   59  1.31444545    B    1  0.93560325    Ag   3  0.06166972
    59  C    3.85508396    C   60  1.35445632    C   58  1.31444545    C   65  1.03489109
    60  C    3.85874262    C   61  1.40239919    C   59  1.35445632    C   69  1.01296510
    61  C    3.90615615    C   60  1.40239919    C   63  1.39532028    H   62  0.93552187
    62  H    0.89940827    C   61  0.93552187
    63  C    3.85459055    C   61  1.39532028    C   64  1.35866177    C   73  1.01159942
    64  C    3.85424547    C   63  1.35866177    C   58  1.33199432    C   77  1.03985421
    65  C    3.85612225    C   59  1.03489109    H   68  0.93289682    H   66  0.91623985    H   67  0.91570187
    66  H    0.83344688    C   65  0.91623985
    67  H    0.82865110    C   65  0.91570187
    68  H    0.83113483    C   65  0.93289682
    69  C    3.83588099    C   60  1.01296510    H   71  0.93186161    H   70  0.91969045    H   72  0.91680763
    70  H    0.83428585    C   69  0.91969045
    71  H    0.83372002    C   69  0.93186161
    72  H    0.83456906    C   69  0.91680763
    73  C    3.83550801    C   63  1.01159942    H   74  0.93272900    H   75  0.92129508    H   76  0.91767986
    74  H    0.83562512    C   73  0.93272900
    75  H    0.83020580    C   73  0.92129508
    76  H    0.83940328    C   73  0.91767986
    77  C    3.84051580    C   64  1.03985421    H   79  0.94345007    H   78  0.93363998    H   80  0.92665045
    78  H    0.83330019    C   77  0.93363998
    79  H    0.81666743    C   77  0.94345007
    80  H    0.83759659    C   77  0.92665045
dipole moment  X         Y          Z
        4.455954        2.955999       -4.265182  total     (au/Debye)      :     6.8400    17.3858
second moment  X^2       Y^2        Z^2
      111.102388      170.869001      199.077805  average   (au)            :   160.3497
cpu  time for all   54.07 s
wall time for all    2.00 s
